# Singular Values
    6.173409E+02     3.634309E-01
    3.902345E+02     5.478120E-02
    3.547825E+02     1.656103E-02
    3.407140E+02     8.036789E-03
    3.326673E+02     2.118793E-03
    3.274316E+02     1.732544E-03
    3.215962E+02     2.860907E-04
    3.164125E+02     9.892951E-03
    3.112233E+02     6.961938E-04
    3.091627E+02     8.196095E-01
    3.073296E+02     5.690840E-01
    1.346077E+02     2.007594E-01
    1.041562E+02     1.908310E-02
    9.851205E+01     3.501372E-02
    9.496886E+01     2.453771E-03
    9.481550E+01     3.839770E-03
    9.443039E+01     8.319945E-03
    9.368642E+01     5.626354E-03
    9.217819E+01     3.208107E-03
    9.120596E+01     9.689374E-04
    9.053396E+01     3.487658E-01
    8.977988E+01     1.369842E-01
    6.281733E+01     1.891061E-01
    5.040474E+01     3.396880E-03
    4.886423E+01     2.348955E-02
    4.753198E+01     1.567176E-03
    4.733498E+01     2.228762E-03
    4.721273E+01     2.477176E-03
    4.698596E+01     8.237340E-03
    4.687625E+01     5.834902E-03
    4.638315E+01     1.901439E-03
    4.616381E+01     2.445202E-01
    4.585823E+01     1.722040E-01
    3.567296E+01     1.281460E-01
    3.296464E+01     1.893789E-01
    2.679812E+01     2.881738E-03
    2.632731E+01     2.215505E-03
    2.579035E+01     1.002216E-02
    2.532038E+01     1.189382E-03
    2.510936E+01     3.277451E-03
    2.492974E+01     1.134665E-02
    2.483265E+01     1.373306E-02
    2.445686E+01     7.377034E-03
    2.441982E+01     1.866104E-01
    2.420363E+01     5.339089E-02
    1.990557E+01     2.223846E-01
    1.551963E+01     1.736922E-02
    1.511362E+01     3.506355E-02
    1.446479E+01     3.594700E-03
    1.433785E+01     7.513538E-03
    1.416102E+01     1.924164E-03
    1.388168E+01     1.563394E-02
    1.363405E+01     7.747420E-03
    1.360185E+01     5.684181E-03
    1.346499E+01     7.747121E-02
    1.340549E+01     6.239268E-02
    1.235135E+01     8.387384E-02
    1.211274E+01     8.066348E-02
    1.092307E+01     9.438639E-03
    1.067773E+01     1.751362E-02
    1.033984E+01     1.234904E-02
    1.018954E+01     3.993023E-03
    9.918191E+00     7.955269E-03
    9.692692E+00     2.496213E-02
    9.397264E+00     8.749449E-03
    9.341129E+00     1.102384E-02
    9.204442E+00     7.434302E-03
    9.170292E+00     4.413081E-03
    9.068599E+00     4.212081E-04
    9.007698E+00     1.090953E-02
    8.950975E+00     1.464697E-02
    8.798100E+00     2.229079E-02
    8.775434E+00     1.611541E-02
    8.559877E+00     1.912204E-03
    8.485262E+00     2.541111E-03
    8.395229E+00     1.161330E-02
    8.285071E+00     1.238360E-02
    8.271867E+00     6.478970E-03
    8.157042E+00     1.673920E-03
    8.096095E+00     3.907758E-02
    8.049067E+00     4.069713E-02
    7.695631E+00     2.469939E-02
    7.663330E+00     4.070969E-03
    7.444988E+00     1.147231E-02
    7.262371E+00     2.783366E-03
    7.165975E+00     7.993989E-03
    7.090566E+00     4.202766E-04
    7.072261E+00     7.721921E-03
    7.051039E+00     2.622824E-03
    6.975806E+00     1.245615E-02
    6.919500E+00     1.537669E-02
    6.778684E+00     1.763171E-03
    6.743636E+00     3.355235E-02
    6.696950E+00     3.120865E-02
    6.431147E+00     7.806306E-03
    6.371674E+00     8.231319E-03
    6.263664E+00     6.974218E-03
    6.208378E+00     2.763974E-03
    6.196646E+00     1.816975E-03
    6.167866E+00     2.665147E-04
    6.128074E+00     4.667695E-03
    6.090162E+00     5.806073E-03
    6.024299E+00     9.056417E-03
    5.993848E+00     1.041482E-02
    5.909786E+00     4.872072E-04
    5.887907E+00     2.622582E-03
    5.868968E+00     1.741714E-03
    5.834767E+00     6.028574E-03
    5.810877E+00     7.845101E-03
    5.752303E+00     7.512645E-03
    5.739167E+00     4.939969E-03
    5.683204E+00     8.865304E-03
    5.600055E+00     1.082121E-02
    5.567259E+00     1.282784E-02
    5.475087E+00     1.193937E-03
    5.453956E+00     1.632144E-03
    5.426424E+00     3.064326E-03
    5.407850E+00     4.157286E-03
    5.405880E+00     3.199043E-03
    5.381492E+00     6.039247E-03
    5.340103E+00     1.418936E-03
    5.331132E+00     5.349399E-03
    5.314629E+00     7.717235E-04
    5.269910E+00     5.615350E-03
    5.229603E+00     1.900185E-03
    5.218827E+00     9.315508E-03
    5.217979E+00     3.874683E-03
    5.168756E+00     3.384656E-04
    5.139875E+00     1.222790E-02
    5.112885E+00     6.443476E-03
    5.024224E+00     8.163194E-03
    4.969015E+00     2.930740E-03
    4.954695E+00     4.237481E-03
    4.925958E+00     7.384894E-03
    4.876679E+00     4.996887E-03
    4.863678E+00     2.482680E-03
    4.826534E+00     4.342978E-03
    4.801580E+00     2.894377E-03
    4.797545E+00     2.160033E-03
    4.779660E+00     1.384809E-03
    4.751566E+00     6.068384E-03
    4.717101E+00     5.285953E-03
    4.711389E+00     1.936195E-03
    4.680877E+00     1.071514E-04
    4.659575E+00     1.501462E-03
    4.638866E+00     1.947200E-03
    4.625190E+00     1.347958E-03
    4.602582E+00     2.148903E-03
    4.586264E+00     4.067210E-04
    4.560193E+00     8.905102E-04
    4.532426E+00     5.955533E-04
    4.508842E+00     3.149953E-03
    4.488053E+00     2.759479E-03
    4.453309E+00     3.310621E-03
    4.431046E+00     3.007968E-04
    4.423514E+00     1.900111E-03
    4.417323E+00     1.279680E-03
    4.402767E+00     2.676979E-03
    4.382647E+00     1.683962E-02
    4.374313E+00     1.556813E-02
    4.293089E+00     4.916208E-03
    4.279481E+00     2.649903E-03
    4.244996E+00     7.871342E-03
    4.199645E+00     1.376059E-03
    4.187611E+00     7.090380E-04
    4.169869E+00     5.136945E-03
    4.155148E+00     6.294954E-03
    4.119264E+00     9.816835E-04
    4.109478E+00     1.154825E-03
    4.095692E+00     5.340122E-03
    4.086669E+00     3.388438E-03
    4.055949E+00     2.549043E-03
    4.039123E+00     7.133321E-03
    4.032633E+00     6.156846E-03
    3.997535E+00     4.362072E-04
    3.987217E+00     3.779007E-03
    3.975191E+00     4.682040E-03
    3.948252E+00     3.131979E-03
    3.939899E+00     3.328734E-03
    3.919270E+00     4.106420E-03
    3.911749E+00     5.958754E-04
    3.888242E+00     2.945680E-04
    3.867180E+00     8.062711E-04
    3.847365E+00     2.588126E-03
    3.824567E+00     1.364243E-03
    3.811757E+00     1.926079E-03
    3.793810E+00     1.821292E-03
    3.783228E+00     2.321036E-03
    3.779553E+00     8.042354E-04
    3.767127E+00     1.825713E-03
    3.751724E+00     1.331160E-03
    3.743211E+00     6.044811E-04
    3.729750E+00     1.709577E-04
    3.714091E+00     4.851479E-03
    3.697866E+00     5.507388E-03
    3.663893E+00     2.469269E-03
    3.650281E+00     4.338374E-03
    3.627750E+00     1.347223E-03
    3.621033E+00     2.443561E-03
    3.609463E+00     5.371580E-05
    3.589149E+00     1.532934E-03
    3.568758E+00     1.871725E-03
    3.553926E+00     6.417180E-04
    3.545786E+00     3.178918E-04
    3.535396E+00     4.796357E-03
    3.523915E+00     6.402686E-03
    3.495665E+00     1.896101E-03
    3.489915E+00     1.714989E-03
    3.477575E+00     5.130132E-03
    3.471226E+00     2.438255E-03
    3.447159E+00     2.868958E-03
    3.431615E+00     5.625053E-04
    3.425957E+00     2.103744E-03
    3.418384E+00     2.866696E-04
    3.403661E+00     1.880285E-03
    3.389972E+00     5.269547E-03
    3.382693E+00     6.212885E-03
    3.357689E+00     4.888545E-03
    3.353642E+00     6.332545E-04
    3.333264E+00     5.777389E-04
    3.310913E+00     6.891565E-03
    3.286812E+00     3.343109E-03
    3.285451E+00     2.070601E-03
    3.273130E+00     2.273924E-05
    3.254110E+00     2.130717E-03
    3.235127E+00     3.754583E-03
    3.223115E+00     3.408764E-03
    3.199113E+00     2.717369E-03
    3.186133E+00     4.362836E-03
    3.181840E+00     4.370363E-04
    3.163719E+00     4.236144E-03
    3.144328E+00     2.593631E-03
    3.138321E+00     1.795835E-03
    3.124212E+00     4.756169E-03
    3.115758E+00     6.889214E-03
    3.092582E+00     3.712881E-03
    3.090798E+00     4.924406E-04
    3.077568E+00     8.898517E-04
    3.062885E+00     2.589463E-03
    3.050987E+00     2.105174E-03
    3.031275E+00     1.167766E-03
    3.018037E+00     1.379935E-03
    3.001350E+00     2.868547E-03
    2.988877E+00     3.189297E-03
    2.967930E+00     2.076963E-03
    2.956544E+00     1.222532E-03
    2.939091E+00     3.742220E-03
    2.925315E+00     7.953991E-03
    2.922520E+00     3.409878E-03
    2.896597E+00     4.707476E-04
    2.880709E+00     1.811373E-03
    2.863560E+00     2.799963E-03
    2.851674E+00     6.474909E-03
    2.847800E+00     4.146012E-03
    2.825577E+00     2.257015E-03
    2.815174E+00     1.195402E-03
    2.811148E+00     1.435182E-03
    2.803773E+00     2.832593E-03
    2.800435E+00     1.680793E-03
    2.789188E+00     2.394610E-03
    2.782660E+00     2.821612E-03
    2.769507E+00     4.696688E-03
    2.748649E+00     7.213505E-04
    2.740792E+00     1.709450E-04
    2.734928E+00     3.504941E-03
    2.729544E+00     3.122903E-03
    2.714639E+00     1.906555E-03
    2.708260E+00     5.572573E-03
    2.707053E+00     2.682465E-03
    2.690809E+00     2.237068E-03
    2.681847E+00     1.214400E-04
    2.678901E+00     3.584066E-03
    2.675633E+00     2.971759E-03
    2.662809E+00     2.875153E-03
    2.657932E+00     6.605132E-04
    2.645448E+00     1.227542E-03
    2.631284E+00     3.568628E-04
    2.620411E+00     2.967123E-03
    2.608651E+00     6.337606E-03
    2.604661E+00     3.463472E-03
    2.584247E+00     5.819283E-03
    2.572889E+00     7.442216E-03
    2.546717E+00     4.425113E-03
    2.539642E+00     5.007425E-03
    2.521405E+00     1.726421E-03
    2.515865E+00     3.883089E-03
    2.506007E+00     5.820489E-03
    2.486513E+00     1.389130E-03
    2.481574E+00     2.328359E-03
    2.473206E+00     4.181096E-03
    2.459133E+00     3.425815E-03
    2.455386E+00     7.034440E-04
    2.443260E+00     2.485628E-03
    2.432904E+00     2.222879E-03
    2.416579E+00     1.054030E-03
    2.405704E+00     8.655702E-04
    2.397404E+00     2.892878E-04
    2.391202E+00     1.737002E-03
    2.385705E+00     3.182537E-03
    2.376091E+00     9.937542E-04
    2.374058E+00     2.120296E-03
    2.369671E+00     3.500572E-03
    2.360283E+00     5.225271E-03
    2.342717E+00     1.090319E-03
    2.337463E+00     1.733686E-03
    2.329680E+00     2.278362E-03
    2.317900E+00     1.079796E-03
    2.311441E+00     3.772680E-03
    2.307489E+00     2.611518E-03
    2.294871E+00     1.365275E-05
    2.288289E+00     2.715662E-05
    2.281695E+00     2.414628E-03
    2.275059E+00     2.296790E-03
    2.262970E+00     1.608959E-03
    2.256122E+00     4.333595E-04
    2.252917E+00     6.603879E-04
    2.248741E+00     5.006870E-05
    2.243092E+00     4.257478E-03
    2.237344E+00     5.573198E-03
    2.222131E+00     7.615877E-04
    2.219355E+00     4.345072E-03
    2.214895E+00     3.958778E-03
    2.200861E+00     8.419751E-04
    2.195590E+00     7.235869E-05
    2.188489E+00     9.156692E-04
    2.181252E+00     5.100292E-04
    2.176031E+00     6.609640E-04
    2.169716E+00     1.156953E-03
    2.164849E+00     3.471963E-03
    2.162494E+00     3.169277E-03
    2.152655E+00     1.841712E-04
    2.149662E+00     4.153059E-03
    2.147069E+00     1.332696E-03
    2.135591E+00     1.032760E-03
    2.127008E+00     1.083156E-03
    2.120647E+00     9.309722E-04
    2.112018E+00     1.333091E-04
    2.105382E+00     1.860195E-03
    2.098487E+00     1.432039E-03
    2.095510E+00     6.201828E-04
    2.089542E+00     1.762132E-03
    2.082299E+00     4.393375E-03
    2.078741E+00     1.339821E-03
    2.066093E+00     4.002250E-03
    2.056274E+00     3.815643E-03
    2.054709E+00     1.364507E-03
    2.045326E+00     9.339454E-05
    2.038766E+00     1.045687E-03
    2.032417E+00     3.574651E-05
    2.023970E+00     1.423826E-05
    2.015486E+00     1.778101E-03
    2.007010E+00     7.543502E-03
    2.002125E+00     8.832793E-03
    1.982243E+00     5.375559E-03
    1.979970E+00     6.007996E-03
    1.967097E+00     5.073895E-03
    1.966084E+00     3.130370E-03
    1.955127E+00     9.396280E-04
    1.950326E+00     5.922327E-03
    1.947366E+00     3.233748E-03
    1.932929E+00     2.369394E-03
    1.924814E+00     4.569455E-04
    1.921279E+00     4.089724E-03
    1.916875E+00     2.406066E-03
    1.904676E+00     1.417973E-03
    1.897113E+00     4.520682E-03
    1.892261E+00     2.126181E-03
    1.878909E+00     8.349836E-03
    1.861688E+00     1.276678E-03
    1.860092E+00     4.430643E-04
    1.856126E+00     2.506872E-03
    1.852990E+00     5.375750E-04
    1.845227E+00     2.753130E-03
    1.836509E+00     2.010324E-03
    1.832872E+00     2.733320E-03
    1.825568E+00     2.332936E-03
    1.823270E+00     1.966305E-03
    1.816732E+00     6.271543E-04
    1.813780E+00     2.913746E-03
    1.811968E+00     1.414498E-03
    1.804892E+00     4.445362E-04
    1.800389E+00     1.131623E-03
    1.796695E+00     9.808961E-04
    1.795039E+00     8.362671E-04
    1.791626E+00     5.219468E-04
    1.786725E+00     4.756322E-04
    1.780908E+00     1.622038E-03
    1.775954E+00     1.059962E-03
    1.773888E+00     2.836053E-04
    1.769948E+00     1.200097E-04
    1.765516E+00     6.653205E-04
    1.761307E+00     2.042639E-04
    1.755939E+00     1.647250E-04
    1.750229E+00     2.954421E-03
    1.744251E+00     1.337860E-03
    1.743437E+00     8.637500E-04
    1.740293E+00     2.039420E-03
    1.735655E+00     2.155809E-03
    1.734563E+00     1.461225E-03
    1.729739E+00     2.161845E-03
    1.727451E+00     1.867954E-03
    1.721440E+00     3.438096E-04
    1.718657E+00     3.555961E-04
    1.715289E+00     8.703075E-04
    1.712537E+00     4.674509E-04
    1.708302E+00     1.626494E-03
    1.704874E+00     1.240900E-03
    1.704222E+00     1.859974E-03
    1.701458E+00     1.425480E-03
    1.695542E+00     1.384071E-03
    1.692057E+00     1.645547E-03
    1.686243E+00     1.461881E-03
    1.683217E+00     1.830892E-04
    1.677742E+00     1.859375E-03
    1.671978E+00     1.160486E-03
    1.669336E+00     7.720718E-04
    1.668632E+00     1.366527E-03
    1.666642E+00     1.380065E-03
    1.662381E+00     3.570747E-03
    1.655845E+00     1.343813E-03
    1.655233E+00     1.058944E-03
    1.652400E+00     7.069988E-04
    1.647826E+00     3.775492E-04
    1.644427E+00     8.634869E-05
    1.641654E+00     4.513972E-03
    1.638745E+00     3.543092E-03
    1.628473E+00     2.206849E-03
    1.624010E+00     2.707902E-03
    1.623137E+00     4.182456E-05
    1.617877E+00     1.981267E-03
    1.612567E+00     1.201439E-03
    1.610462E+00     1.039171E-03
    1.606428E+00     8.862436E-04
    1.600741E+00     1.313938E-04
    1.596487E+00     1.258311E-04
    1.592455E+00     1.738930E-03
    1.588632E+00     1.366076E-03
    1.587577E+00     4.739200E-04
    1.584356E+00     4.994978E-04
    1.580393E+00     5.354051E-04
    1.575653E+00     2.880562E-03
    1.570086E+00     3.364192E-03
    1.569052E+00     5.936051E-04
    1.562752E+00     2.442894E-03
    1.555554E+00     2.971010E-04
    1.552177E+00     5.105243E-04
    1.549266E+00     6.456822E-04
    1.547151E+00     2.064534E-03
    1.544042E+00     3.017917E-03
    1.537761E+00     1.247478E-03
    1.536134E+00     1.017991E-03
    1.532596E+00     8.146288E-04
    1.527510E+00     1.398141E-03
    1.523682E+00     1.477894E-03
    1.521990E+00     3.081340E-04
    1.518055E+00     2.100973E-03
    1.513663E+00     1.294000E-03
    1.512459E+00     9.236092E-05
    1.509301E+00     7.973121E-04
    1.506289E+00     1.302314E-03
    1.502084E+00     2.690779E-03
    1.495942E+00     1.247626E-04
    1.493839E+00     8.240504E-05
    1.491553E+00     3.446030E-03
    1.489394E+00     3.327137E-03
    1.482121E+00     1.078420E-03
    1.479799E+00     6.735501E-04
    1.475888E+00     2.431391E-03
    1.470997E+00     1.661375E-04
    1.469690E+00     9.069825E-04
    1.468141E+00     7.586866E-04
    1.465264E+00     1.192214E-03
    1.461283E+00     4.832882E-04
    1.459052E+00     1.695754E-03
    1.456121E+00     1.735512E-03
    1.450733E+00     6.436301E-04
    1.447875E+00     1.144004E-03
    1.444094E+00     5.538435E-04
    1.441971E+00     8.197169E-05
    1.439053E+00     2.393887E-03
    1.436025E+00     3.004893E-03
    1.429576E+00     8.178341E-04
    1.427439E+00     1.228083E-03
    1.424139E+00     5.190240E-04
    1.422594E+00     4.354753E-04
    1.421788E+00     2.038248E-03
    1.420364E+00     3.258709E-04
    1.416052E+00     6.238901E-04
    1.412213E+00     7.836015E-05
    1.409263E+00     6.740559E-05
    1.406430E+00     9.544313E-04
    1.403698E+00     1.258207E-03
    1.399634E+00     4.797792E-05
    1.397338E+00     3.465881E-04
    1.394980E+00     2.097983E-03
    1.393109E+00     1.962443E-03
    1.388324E+00     1.678614E-03
    1.386273E+00     3.449961E-04
    1.381904E+00     1.813646E-03
    1.378024E+00     4.700002E-04
    1.376649E+00     2.584927E-03
    1.374630E+00     3.290471E-03
    1.369070E+00     1.136342E-03
    1.368026E+00     1.491522E-04
    1.365431E+00     1.786971E-03
    1.363044E+00     2.551507E-03
    1.358232E+00     2.117953E-03
    1.356894E+00     2.236258E-03
    1.352690E+00     1.687246E-03
    1.351518E+00     8.752265E-04
    1.348070E+00     2.038924E-03
    1.345809E+00     2.031804E-03
    1.340815E+00     2.943140E-04
    1.338556E+00     1.646858E-03
    1.335908E+00     9.747284E-04
    1.331071E+00     2.280001E-03
    1.327545E+00     2.570314E-03
    1.327051E+00     8.043624E-04
    1.323151E+00     7.683230E-04
    1.320325E+00     5.647086E-04
    1.316493E+00     1.242569E-03
    1.313413E+00     5.377778E-04
    1.311970E+00     1.371369E-03
    1.311233E+00     1.845210E-04
    1.308701E+00     1.310622E-03
    1.306415E+00     1.336287E-03
    1.305843E+00     2.409770E-03
    1.303528E+00     1.422442E-03
    1.298085E+00     5.145804E-03
    1.290828E+00     3.340336E-03
    1.290234E+00     3.438576E-03
    1.285339E+00     1.686091E-03
    1.284873E+00     1.090849E-04
    1.282244E+00     1.056737E-03
    1.279760E+00     1.049394E-03
    1.275931E+00     4.702554E-04
    1.273450E+00     2.306331E-04
    1.271571E+00     2.941828E-04
    1.269988E+00     6.984121E-04
    1.268033E+00     8.535457E-04
    1.265198E+00     2.060059E-03
    1.261292E+00     4.008621E-04
    1.259991E+00     1.276067E-03
    1.258187E+00     3.414500E-04
    1.254784E+00     2.471329E-05
    1.251817E+00     8.873207E-04
    1.248826E+00     4.875354E-04
    1.246948E+00     1.206719E-03
    1.244466E+00     1.905618E-03
    1.240491E+00     2.252096E-03
    1.234175E+00     1.982455E-03
    1.230660E+00     2.737737E-03
    1.229589E+00     1.537341E-03
    1.225161E+00     1.836600E-03
    1.222627E+00     4.925632E-03
    1.222341E+00     4.735906E-03
    1.216051E+00     2.055392E-03
    1.215536E+00     2.287231E-03
    1.212526E+00     4.320493E-03
    1.212294E+00     3.792008E-03
    1.206836E+00     2.259897E-03
    1.205967E+00     2.494040E-03
    1.202378E+00     1.859748E-03
    1.201794E+00     6.577191E-04
    1.198978E+00     3.590134E-04
    1.196956E+00     7.479149E-04
    1.195366E+00     4.501871E-03
    1.194671E+00     4.082265E-03
    1.188614E+00     1.150302E-03
    1.187425E+00     2.244178E-04
    1.184873E+00     3.010511E-04
    1.182593E+00     1.272597E-04
    1.180672E+00     5.188505E-04
    1.178904E+00     1.209773E-03
    1.176528E+00     1.524714E-03
    1.172738E+00     2.488367E-04
    1.170743E+00     1.352274E-03
    1.169043E+00     2.919238E-03
    1.168924E+00     1.185787E-03
    1.165399E+00     2.868415E-04
    1.163263E+00     5.181593E-04
    1.161464E+00     1.832240E-03
    1.160268E+00     1.395855E-03
    1.156953E+00     2.512819E-04
    1.155258E+00     3.076142E-05
    1.153855E+00     1.820672E-04
    1.152490E+00     2.338237E-03
    1.151336E+00     2.670449E-03
    1.147497E+00     3.288056E-06
    1.146728E+00     1.822878E-03
    1.145957E+00     1.421063E-03
    1.143100E+00     1.580861E-03
    1.141872E+00     9.526806E-04
    1.138844E+00     2.926375E-03
    1.134742E+00     2.001604E-03
    1.133968E+00     1.552009E-04
    1.130929E+00     7.975674E-04
    1.127723E+00     3.583586E-04
    1.125424E+00     1.309559E-03
    1.123531E+00     8.705076E-05
    1.120174E+00     1.454969E-03
    1.116730E+00     7.688776E-04
    1.114917E+00     2.337672E-03
    1.113964E+00     1.401404E-03
    1.110412E+00     4.560586E-04
    1.108424E+00     5.777538E-04
    1.105936E+00     7.395432E-04
    1.104090E+00     2.146073E-03
    1.101433E+00     1.225595E-03
    1.096426E+00     2.368804E-03
    1.092781E+00     3.556328E-04
    1.091731E+00     1.122029E-03
    1.090294E+00     8.234752E-04
    1.087638E+00     1.154365E-03
    1.085882E+00     1.481590E-03
    1.082878E+00     8.806448E-04
    1.081484E+00     4.581710E-04
    1.079141E+00     9.517372E-04
    1.077296E+00     3.012348E-03
    1.076479E+00     1.323750E-03
    1.072426E+00     1.901038E-03
    1.069805E+00     2.287402E-03
    1.069220E+00     6.191731E-04
    1.066194E+00     4.497856E-04
    1.063835E+00     1.135191E-03
    1.061004E+00     2.145689E-03
    1.059383E+00     3.101071E-03
    1.055496E+00     1.191985E-03
    1.054890E+00     7.446817E-04
    1.053029E+00     2.005407E-03
    1.050388E+00     9.319486E-04
    1.049858E+00     1.395291E-03
    1.048350E+00     1.304144E-03
    1.045384E+00     3.147706E-03
    1.043788E+00     2.536873E-03
    1.038918E+00     7.632120E-04
    1.036698E+00     1.682461E-03
    1.035272E+00     2.666436E-03
    1.032111E+00     2.277777E-03
    1.031706E+00     3.061183E-04
    1.028955E+00     1.334008E-03
    1.025898E+00     1.821629E-03
    1.024215E+00     1.138830E-03
    1.020673E+00     3.528167E-03
    1.015986E+00     5.315935E-04
    1.014896E+00     1.279976E-03
    1.013267E+00     1.192065E-03
    1.010347E+00     2.205153E-03
    1.008637E+00     1.149977E-03
    1.004712E+00     1.811011E-03
    1.001954E+00     5.014482E-04
    1.001015E+00     1.597417E-03
    1.000578E+00     3.503539E-04
    9.985449E-01     3.412204E-03
    9.968652E-01     3.977395E-03
    9.917983E-01     2.458192E-04
    9.906897E-01     6.011149E-04
    9.893391E-01     1.836915E-04
    9.873967E-01     1.444763E-03
    9.852770E-01     1.830258E-03
    9.817425E-01     5.974145E-04
    9.800127E-01     7.090579E-04
    9.788706E-01     1.018393E-03
    9.770368E-01     2.212597E-04
    9.742137E-01     2.149255E-03
    9.716138E-01     3.912426E-03
    9.711058E-01     3.417144E-03
    9.668080E-01     3.542999E-03
    9.658240E-01     3.520038E-03
    9.614286E-01     8.097437E-04
    9.604280E-01     4.616307E-04
    9.586519E-01     7.946696E-05
    9.564374E-01     2.423965E-05
    9.543039E-01     4.128975E-04
    9.521520E-01     2.711467E-03
    9.503974E-01     1.413480E-03
    9.460772E-01     2.596595E-03
    9.431088E-01     1.473488E-03
    9.425941E-01     2.666089E-04
    9.406925E-01     3.308744E-03
    9.390451E-01     3.924130E-03
    9.343041E-01     3.588010E-04
    9.332420E-01     8.562665E-04
    9.318467E-01     3.386567E-03
    9.312506E-01     7.226347E-04
    9.275084E-01     2.125657E-03
    9.244491E-01     7.993627E-04
    9.233606E-01     3.009848E-03
    9.215363E-01     3.535596E-03
    9.169517E-01     2.429508E-03
    9.156214E-01     4.977688E-04
    9.120744E-01     2.777246E-03
    9.089936E-01     4.799741E-03
    9.084426E-01     2.516591E-03
    9.035447E-01     6.483263E-04
    9.009377E-01     1.572627E-03
    8.989208E-01     1.173311E-03
    8.954991E-01     2.265169E-05
    8.931376E-01     7.497229E-05
    8.907623E-01     4.175357E-04
    8.883266E-01     1.193050E-03
    8.862676E-01     2.710687E-03
    8.831591E-01     1.371024E-04
    8.824502E-01     3.489299E-03
    8.816211E-01     2.915024E-03
    8.777247E-01     2.556199E-03
    8.763966E-01     1.631274E-03
    8.728365E-01     2.027231E-03
    8.707100E-01     3.385447E-03
    8.703514E-01     3.252186E-03
    8.670525E-01     2.418311E-03
    8.665799E-01     3.015953E-04
    8.640155E-01     2.052379E-03
    8.611990E-01     9.059769E-05
    8.601552E-01     5.602971E-04
    8.590348E-01     7.798878E-04
    8.574353E-01     1.961984E-03
    8.565066E-01     1.306591E-04
    8.539018E-01     1.765551E-03
    8.514162E-01     2.171079E-03
    8.504380E-01     1.959347E-03
    8.476187E-01     2.728728E-04
    8.464656E-01     2.155947E-04
    8.450835E-01     1.323982E-04
    8.435217E-01     1.473421E-04
    8.420743E-01     2.003198E-03
    8.405056E-01     5.302901E-04
    8.372608E-01     3.577397E-03
    8.335865E-01     5.958082E-04
    8.329026E-01     2.990509E-03
    8.317235E-01     3.862191E-03
    8.280661E-01     7.018558E-04
    8.276150E-01     3.420320E-04
    8.265838E-01     1.030170E-03
    8.252715E-01     1.631814E-03
    8.231130E-01     1.964686E-03
    8.223008E-01     1.236344E-03
    8.198771E-01     3.964180E-03
    8.164505E-01     1.734209E-03
    8.162676E-01     4.521555E-04
    8.146707E-01     1.167968E-03
    8.127094E-01     1.101504E-03
    8.098064E-01     2.827627E-04
    8.078032E-01     1.433012E-03
    8.060327E-01     4.430399E-04
    8.031144E-01     1.464684E-03
    8.005613E-01     2.693501E-05
    7.991861E-01     2.630917E-04
    7.978346E-01     5.283440E-04
    7.966951E-01     1.098998E-04
    7.951369E-01     2.323734E-03
    7.936690E-01     2.372862E-03
    7.903651E-01     1.409710E-03
    7.889448E-01     3.126047E-03
    7.886380E-01     1.524778E-04
    7.858708E-01     3.444425E-04
    7.832327E-01     1.926672E-04
    7.803347E-01     1.715456E-04
    7.775972E-01     1.623467E-03
    7.750022E-01     4.712424E-04
    7.736709E-01     6.452847E-04
    7.727059E-01     9.755899E-04
    7.712443E-01     1.510314E-03
    7.690349E-01     1.580471E-04
    7.679908E-01     4.013848E-03
    7.668269E-01     4.345639E-03
    7.625976E-01     3.850751E-03
    7.616946E-01     1.758201E-03
    7.578687E-01     1.872495E-03
    7.553889E-01     3.920215E-03
    7.543284E-01     3.401826E-03
    7.503222E-01     2.006682E-03
    7.488804E-01     1.016014E-04
    7.459431E-01     2.135500E-03
    7.429419E-01     3.044646E-04
    7.415345E-01     8.979416E-04
    7.399045E-01     4.526585E-04
    7.389413E-01     2.919488E-04
    7.376454E-01     1.685423E-04
    7.361369E-01     2.672723E-04
    7.347552E-01     8.157689E-04
    7.331802E-01     2.943216E-03
    7.310119E-01     4.751168E-03
    7.267080E-01     2.881404E-03
    7.258701E-01     1.185786E-03
    7.229470E-01     4.408556E-03
    7.191823E-01     4.926879E-03
    7.185983E-01     4.411564E-03
    7.144859E-01     2.477576E-03
    7.135379E-01     2.388881E-03
    7.108278E-01     3.633840E-04
    7.098217E-01     5.117862E-03
    7.085595E-01     1.355168E-03
    7.036889E-01     3.527727E-03
    6.997995E-01     1.509255E-03
    6.983910E-01     8.772347E-03
    6.980381E-01     7.534004E-03
    6.915917E-01     2.402024E-03
    6.903868E-01     1.219762E-03
    6.875304E-01     1.126521E-03
    6.838513E-01     1.942092E-03
    6.809585E-01     4.918957E-03
    6.793961E-01     4.677744E-03
    6.745113E-01     2.437989E-03
    6.728014E-01     3.974806E-03
    6.694617E-01     2.060534E-03
    6.687916E-01     1.132841E-03
    6.667469E-01     1.748219E-04
    6.639559E-01     1.529784E-03
    6.612922E-01     1.264210E-03
    6.576324E-01     1.578538E-03
    6.531665E-01     3.576111E-03
    6.497558E-01     1.031840E-03
    6.486786E-01     1.158655E-03
    6.469352E-01     3.161483E-03
    6.444495E-01     9.898005E-04
    6.399468E-01     4.386394E-03
    6.361050E-01     3.093423E-03
    6.295188E-01     1.252644E-03
    6.249310E-01     1.183953E-03
    6.211543E-01     6.319692E-04
    6.181317E-01     2.147818E-03
    6.155128E-01     3.483038E-03
    6.115899E-01     3.418655E-03
    6.098124E-01     3.872400E-03
    6.059648E-01     4.768867E-03
    6.044779E-01     1.141315E-03
    6.001258E-01     3.760821E-03
    5.951254E-01     2.848821E-03
    5.923904E-01     6.961030E-03
    5.913502E-01     6.934841E-03
    5.862169E-01     4.692146E-03
    5.851722E-01     3.928809E-03
    5.813950E-01     1.755490E-03
    5.799161E-01     6.381969E-04
    5.774264E-01     1.262050E-03
    5.753144E-01     2.737454E-03
    5.724872E-01     1.535987E-03
    5.681165E-01     3.641832E-03
    5.646458E-01     4.602431E-03
    5.632439E-01     2.934662E-03
    5.592655E-01     1.123982E-03
    5.569473E-01     4.030676E-03
    5.540156E-01     1.897697E-04
    5.533252E-01     4.252655E-03
    5.525307E-01     2.028414E-03
    5.493960E-01     2.913119E-03
    5.473883E-01     7.030993E-03
    5.469791E-01     1.325415E-03
    5.427407E-01     5.045470E-03
    5.392494E-01     4.287539E-03
    5.384906E-01     3.008489E-03
    5.354323E-01     1.244919E-03
    5.339955E-01     2.291747E-03
    5.332259E-01     2.011123E-03
    5.312386E-01     1.469489E-03
    5.281954E-01     5.916948E-04
    5.259418E-01     2.773475E-03
    5.240079E-01     2.419116E-03
    5.235311E-01     3.747459E-04
    5.217909E-01     1.600333E-03
    5.202514E-01     1.998646E-03
    5.195472E-01     6.633906E-04
    5.178081E-01     3.078053E-04
    5.164172E-01     2.355160E-04
    5.151886E-01     5.963721E-04
    5.138419E-01     1.516579E-03
    5.121932E-01     2.065293E-03
    5.097761E-01     9.523186E-04
    5.084193E-01     2.702648E-03
    5.075493E-01     2.082370E-03
    5.053132E-01     2.160574E-04
    5.041357E-01     8.196460E-03
    5.030696E-01     7.551759E-03
    4.979079E-01     3.059594E-03
    4.965347E-01     1.639099E-03
    4.936527E-01     7.918876E-04
    4.915924E-01     3.365944E-03
    4.899286E-01     5.802910E-04
    4.866297E-01     2.333923E-03
    4.830726E-01     8.501736E-03
    4.784236E-01     3.669476E-03
    4.778648E-01     5.172809E-05
    4.755584E-01     4.198588E-04
    4.732876E-01     1.794993E-03
    4.712255E-01     1.571592E-03
    4.683309E-01     2.679119E-03
    4.661862E-01     3.768177E-03
    4.652963E-01     3.751031E-03
    4.626613E-01     8.586414E-04
    4.617702E-01     2.745087E-04
    4.604852E-01     5.269870E-06
    4.593298E-01     3.044352E-03
    4.581798E-01     2.708397E-03
    4.556434E-01     7.356989E-04
    4.543499E-01     7.352195E-03
    4.533936E-01     4.291869E-03
    4.491250E-01     1.009994E-02
    4.468101E-01     2.790888E-03
    4.400403E-01     2.172544E-03
    4.321653E-01     8.090714E-03
    4.235101E-01     6.732226E-03
    4.183997E-01     5.437756E-04
    4.161431E-01     2.496842E-04
    4.136738E-01     8.351719E-04
    4.111164E-01     1.131683E-04
    4.082337E-01     1.156565E-03
    4.053254E-01     2.784273E-03
    4.029035E-01     1.417712E-03
    4.016127E-01     2.910981E-03
    4.008940E-01     2.173612E-03
    3.990134E-01     1.791177E-02
    3.962793E-01     1.590746E-02
    3.865773E-01     4.714627E-03
    3.831596E-01     1.767213E-03
    3.815670E-01     4.789999E-04
    3.806530E-01     3.682635E-03
    3.799231E-01     3.931882E-04
    3.778008E-01     1.119119E-03
    3.758381E-01     8.233171E-04
    3.743043E-01     1.159243E-03
    3.730837E-01     5.706205E-03
    3.714363E-01     9.655024E-03
    3.676920E-01     1.558387E-02
    3.604881E-01     1.535651E-03
    3.589762E-01     4.694627E-03
    3.580201E-01     5.000001E-04
    3.553941E-01     3.631460E-03
    3.526110E-01     2.056118E-03
    3.511225E-01     2.096165E-04
    3.503599E-01     8.243982E-03
    3.495257E-01     8.595371E-03
    3.458307E-01     7.314801E-04
    3.451286E-01     1.343090E-02
    3.446799E-01     8.767244E-03
    3.396393E-01     3.194428E-03
    3.376195E-01     2.080074E-03
    3.366856E-01     8.504756E-04
    3.350565E-01     7.841717E-04
    3.331519E-01     1.588399E-03
    3.315179E-01     3.500151E-03
    3.304164E-01     5.298720E-03
    3.281679E-01     6.255011E-04
    3.276664E-01     1.806637E-03
    3.269610E-01     2.470709E-03
    3.256682E-01     1.546342E-03
    3.251830E-01     1.497331E-03
    3.241968E-01     2.394306E-03
    3.227300E-01     1.462196E-04
    3.220400E-01     1.108612E-03
    3.213044E-01     1.054565E-03
    3.202154E-01     3.198991E-03
    3.194668E-01     4.927113E-03
    3.177019E-01     6.247662E-03
    3.175074E-01     5.680545E-03
    3.153367E-01     2.453440E-03
    3.149649E-01     1.553637E-03
    3.138227E-01     1.424855E-03
    3.121992E-01     1.355849E-03
    3.110270E-01     1.445148E-03
    3.102795E-01     4.160734E-03
    3.099815E-01     1.635712E-03
    3.083980E-01     1.036335E-03
    3.073248E-01     2.084416E-03
    3.065729E-01     4.353255E-03
    3.051861E-01     5.893042E-03
    3.051310E-01     4.078511E-04
    3.032833E-01     1.042454E-02
    3.013239E-01     1.128644E-02
    2.962725E-01     2.785501E-03
    2.946122E-01     7.489249E-03
    2.921463E-01     7.888798E-03
    2.918788E-01     8.178562E-03
    2.893202E-01     2.687822E-03
    2.891391E-01     1.568463E-03
    2.881824E-01     3.824044E-03
    2.876799E-01     3.319069E-03
    2.860820E-01     1.246615E-03
    2.854389E-01     1.896852E-03
    2.844425E-01     5.799752E-03
    2.839876E-01     5.560789E-03
    2.818939E-01     2.301786E-04
    2.813759E-01     9.479587E-04
    2.807942E-01     4.816380E-04
    2.799482E-01     1.240319E-04
    2.792392E-01     5.717149E-04
    2.785666E-01     3.539197E-03
    2.780545E-01     2.707846E-03
    2.765628E-01     3.392329E-04
    2.758250E-01     1.795985E-04
    2.749959E-01     3.246438E-03
    2.742185E-01     4.373918E-03
    2.725570E-01     1.164728E-03
    2.720931E-01     9.927889E-04
    2.713138E-01     8.208022E-04
    2.708054E-01     3.636171E-03
    2.700762E-01     4.257601E-03
    2.683714E-01     1.031335E-03
    2.678151E-01     1.433348E-03
    2.669846E-01     2.438570E-03
    2.657753E-01     1.003287E-03
    2.652175E-01     1.415561E-03
    2.649266E-01     1.836753E-03
    2.642616E-01     1.255742E-03
    2.631146E-01     1.104481E-03
    2.623017E-01     2.105362E-03
    2.617803E-01     2.012662E-03
    2.607105E-01     4.120451E-04
    2.601681E-01     2.948375E-03
    2.595200E-01     3.322089E-03
    2.581113E-01     9.753399E-03
    2.575645E-01     9.378076E-03
    2.545242E-01     7.473103E-03
    2.538897E-01     8.187227E-03
    2.513712E-01     6.950794E-03
    2.509236E-01     3.461128E-03
    2.487419E-01     8.010775E-04
    2.474341E-01     3.023773E-03
    2.463304E-01     2.936135E-04
    2.459743E-01     5.405736E-03
    2.456908E-01     5.271345E-03
    2.440846E-01     1.402986E-03
    2.437705E-01     6.738609E-03
    2.431155E-01     5.120088E-03
    2.408339E-01     3.521092E-03
    2.397984E-01     1.043222E-03
    2.396095E-01     5.137964E-03
    2.391712E-01     5.337388E-03
    2.375101E-01     1.891084E-03
    2.371229E-01     1.327528E-03
    2.362890E-01     3.634375E-03
    2.357708E-01     4.638773E-03
    2.344004E-01     1.118030E-02
    2.341214E-01     9.663821E-03
    2.312429E-01     1.613822E-03
    2.306176E-01     5.957181E-03
    2.296232E-01     9.217176E-03
    2.272752E-01     2.540826E-03
    2.270341E-01     1.361849E-03
    2.262178E-01     2.062227E-03
    2.250976E-01     3.165417E-03
    2.244454E-01     1.487312E-03
    2.230878E-01     3.576748E-03
    2.220685E-01     1.682568E-03
    2.218458E-01     5.452338E-04
    2.212508E-01     1.423919E-03
    2.207778E-01     1.080053E-03
    2.199923E-01     1.633906E-03
    2.194464E-01     7.394223E-03
    2.192599E-01     5.957724E-03
    2.174596E-01     1.535015E-03
    2.169629E-01     6.684343E-04
    2.161353E-01     2.150401E-04
    2.151670E-01     1.628806E-03
    2.142490E-01     9.261946E-04
    2.136828E-01     3.235268E-03
    2.133155E-01     2.333120E-03
    2.122611E-01     4.335883E-05
    2.117052E-01     7.740029E-04
    2.111416E-01     1.636756E-04
    2.107425E-01     1.811976E-03
    2.103098E-01     2.168540E-03
    2.094980E-01     2.914218E-03
    2.091424E-01     2.596538E-03
    2.081798E-01     1.335055E-03
    2.077605E-01     3.703675E-03
    2.070653E-01     2.770605E-03
    2.056095E-01     5.284030E-03
    2.047305E-01     7.472691E-03
    2.027808E-01     2.906689E-03
    2.023562E-01     2.095034E-03
    2.013464E-01     4.280676E-05
    2.007618E-01     4.202753E-03
    2.001704E-01     4.724096E-03
    1.987436E-01     3.270405E-03
    1.982614E-01     3.534021E-03
    1.971346E-01     1.048199E-02
    1.967082E-01     7.901750E-03
    1.942360E-01     7.134088E-03
    1.933164E-01     9.434608E-03
    1.910334E-01     6.874447E-04
    1.905669E-01     6.332366E-04
    1.899708E-01     2.407473E-03
    1.894966E-01     7.202900E-04
    1.885691E-01     1.176745E-03
    1.875109E-01     3.185204E-03
    1.866783E-01     2.032133E-03
    1.864422E-01     3.494814E-03
    1.858285E-01     3.866843E-03
    1.845706E-01     2.216624E-03
    1.840314E-01     1.413405E-03
    1.830876E-01     3.084111E-03
    1.824062E-01     5.294514E-03
    1.811677E-01     9.899471E-04
    1.808929E-01     1.128648E-03
    1.804398E-01     5.080359E-04
    1.801910E-01     7.501933E-03
    1.800341E-01     4.321926E-03
    1.785329E-01     1.201928E-03
    1.778110E-01     2.789935E-03
    1.768794E-01     2.356786E-03
    1.754624E-01     9.511003E-04
    1.744675E-01     1.104169E-03
    1.736432E-01     9.851152E-04
    1.730138E-01     3.516487E-04
    1.725566E-01     4.480280E-03
    1.720401E-01     3.735894E-03
    1.707584E-01     2.025632E-03
    1.701206E-01     3.763719E-03
    1.698288E-01     2.063171E-03
    1.689007E-01     6.261052E-04
    1.683245E-01     4.129714E-04
    1.678554E-01     1.940057E-03
    1.673184E-01     4.536105E-03
    1.671071E-01     1.596430E-04
    1.661407E-01     3.668141E-03
    1.652062E-01     1.695420E-03
    1.648807E-01     3.128441E-03
    1.648351E-01     9.757771E-04
    1.642748E-01     4.091455E-03
    1.638761E-01     5.472060E-03
    1.628110E-01     4.839034E-04
    1.626403E-01     1.550668E-03
    1.623912E-01     4.442923E-04
    1.618913E-01     1.593979E-03
    1.614646E-01     2.566575E-03
    1.607826E-01     7.911237E-04
    1.605148E-01     6.136451E-04
    1.603744E-01     5.000555E-03
    1.601357E-01     5.074890E-03
    1.590999E-01     1.455088E-03
    1.588750E-01     2.975421E-03
    1.584197E-01     2.964381E-03
    1.574964E-01     1.687230E-03
    1.570433E-01     1.237459E-03
    1.563276E-01     9.663292E-04
    1.558078E-01     9.092900E-04
    1.554398E-01     7.859534E-03
    1.552138E-01     5.973071E-03
    1.537748E-01     8.582044E-04
    1.532618E-01     3.117299E-03
    1.526195E-01     1.541869E-03
    1.524544E-01     8.595258E-04
    1.520549E-01     4.499054E-03
    1.517868E-01     4.833087E-03
    1.508390E-01     5.518269E-03
    1.506234E-01     5.263943E-03
    1.495803E-01     2.076296E-03
    1.493285E-01     2.488572E-03
    1.487679E-01     2.174390E-03
    1.485787E-01     1.450180E-03
    1.480674E-01     1.122418E-03
    1.473440E-01     2.322919E-03
    1.467889E-01     1.821213E-03
    1.465759E-01     6.265424E-04
    1.460969E-01     1.269529E-03
    1.457108E-01     3.873325E-04
    1.455102E-01     4.547332E-03
    1.453663E-01     2.860743E-03
    1.445636E-01     1.111530E-03
    1.441772E-01     7.659479E-03
    1.439518E-01     5.712497E-03
    1.426300E-01     7.393449E-04
    1.421300E-01     1.937571E-03
    1.417365E-01     8.192279E-04
    1.410705E-01     6.949110E-03
    1.405227E-01     5.255760E-03
    1.390077E-01     8.040147E-04
    1.382336E-01     3.031419E-03
    1.373534E-01     1.956884E-04
    1.368931E-01     2.619278E-03
    1.364076E-01     3.967052E-03
    1.355683E-01     3.959709E-04
    1.352698E-01     1.169519E-03
    1.349185E-01     2.179004E-03
    1.347255E-01     1.277199E-03
    1.342400E-01     4.226393E-03
    1.335855E-01     1.175892E-03
    1.334973E-01     1.176372E-03
    1.332523E-01     7.872202E-04
    1.328514E-01     1.790993E-03
    1.323475E-01     2.216125E-03
    1.320818E-01     1.752962E-03
    1.315249E-01     4.984093E-05
    1.312000E-01     1.406559E-03
    1.308695E-01     8.926888E-04
    1.307236E-01     1.555244E-03
    1.306944E-01     8.362835E-04
    1.304622E-01     2.114119E-03
    1.301215E-01     1.255775E-03
    1.295076E-01     2.201491E-03
    1.290586E-01     7.282039E-04
    1.288946E-01     3.939351E-04
    1.286371E-01     2.678647E-05
    1.284307E-01     5.511580E-04
    1.282281E-01     5.839508E-04
    1.279552E-01     4.499163E-04
    1.276084E-01     9.407707E-04
    1.273198E-01     8.440607E-04
    1.269124E-01     3.122029E-04
    1.266131E-01     1.406049E-03
    1.262751E-01     2.916182E-03
    1.257611E-01     2.641436E-03
    1.256149E-01     1.393102E-03
    1.251379E-01     8.451104E-04
    1.248365E-01     3.514753E-03
    1.246412E-01     9.928416E-04
    1.240095E-01     3.476930E-03
    1.235035E-01     9.997892E-03
    1.234281E-01     5.995867E-03
    1.221255E-01     2.343443E-03
    1.215634E-01     6.730790E-03
    1.207207E-01     2.311923E-03
    1.206934E-01     8.057331E-04
    1.203875E-01     3.893285E-03
    1.199857E-01     6.960803E-03
    1.191205E-01     5.429962E-03
    1.190876E-01     1.024713E-03
    1.184100E-01     3.557225E-03
    1.178570E-01     4.344768E-03
    1.177246E-01     1.125219E-02
    1.170826E-01     6.746275E-03
    1.151411E-01     1.987083E-03
    1.139983E-01     5.618694E-03
    1.126428E-01     3.532111E-03
    1.119306E-01     5.250678E-03
    1.108307E-01     2.095302E-03
    1.103193E-01     9.292300E-04
    1.100406E-01     3.045799E-03
    1.098647E-01     3.440157E-03
    1.093555E-01     8.071237E-03
    1.092237E-01     4.968777E-03
    1.082151E-01     3.282526E-05
    1.077499E-01     1.816944E-03
    1.072903E-01     1.372377E-03
    1.066386E-01     4.047680E-03
    1.058455E-01     5.484411E-03
    1.054845E-01     7.112109E-03
    1.045497E-01     2.457385E-03
    1.043628E-01     1.283186E-03
    1.039206E-01     2.663864E-03
    1.033475E-01     4.242090E-03
    1.025041E-01     1.026475E-03
    1.020999E-01     2.006600E-03
    1.018017E-01     4.228832E-03
    1.013009E-01     3.459197E-03
    1.012297E-01     3.748654E-03
    1.008092E-01     1.822618E-03
    1.000149E-01     4.882334E-03
    9.940785E-02     6.027229E-03
    9.832326E-02     1.323981E-03
    9.783842E-02     1.351324E-03
    9.722717E-02     9.944146E-03
    9.675039E-02     6.608068E-03
    9.532330E-02     1.781417E-03
    9.453994E-02     1.192946E-03
    9.359612E-02     3.467336E-03
    9.277234E-02     7.160942E-03
    9.163752E-02     2.755775E-03
    9.116709E-02     1.089104E-03
    9.094936E-02     2.323803E-03
    9.063340E-02     2.031673E-03
    9.052865E-02     1.348260E-03
    9.024051E-02     1.090862E-03
    8.983208E-02     4.429731E-03
    8.932800E-02     4.081922E-04
    8.922110E-02     2.817474E-03
    8.907796E-02     5.992768E-04
    8.868484E-02     1.245606E-03
    8.834637E-02     2.077891E-03
    8.811889E-02     1.078854E-03
    8.770955E-02     2.767298E-03
    8.720798E-02     9.279576E-04
    8.694957E-02     3.345925E-03
    8.677240E-02     1.219745E-03
    8.630633E-02     4.717084E-03
    8.573813E-02     1.018749E-02
    8.557638E-02     5.787795E-03
    8.454920E-02     1.116280E-03
    8.401922E-02     1.684074E-03
    8.358583E-02     4.430122E-04
    8.329482E-02     3.106991E-04
    8.296806E-02     9.745845E-04
    8.266827E-02     2.404213E-03
    8.244987E-02     4.080797E-04
    8.203459E-02     1.535755E-03
    8.165471E-02     1.146574E-04
    8.140150E-02     1.944967E-03
    8.115839E-02     2.755985E-05
    8.075878E-02     3.446541E-03
    8.035892E-02     6.295202E-04
    8.023710E-02     4.951956E-03
    8.006506E-02     1.995220E-03
    7.949872E-02     1.465112E-03
    7.909405E-02     3.263937E-03
    7.857623E-02     1.035594E-02
    7.831701E-02     1.136624E-03
    7.725444E-02     1.989492E-02
    7.611972E-02     3.303164E-02
    7.352426E-02     9.257258E-03
    7.340229E-02     2.576542E-03
    7.260527E-02     4.895724E-03
    7.200219E-02     2.015070E-03
    7.175454E-02     1.046412E-03
    7.136380E-02     1.667599E-03
    7.104950E-02     4.471892E-04
    7.061872E-02     8.830834E-03
    7.022195E-02     3.241915E-03
    6.921348E-02     2.078342E-03
    6.844102E-02     1.598935E-03
    6.753667E-02     6.035344E-03
    6.675092E-02     4.660758E-03
    6.637369E-02     3.315730E-03
    6.630691E-02     3.255603E-03
    6.602093E-02     2.387476E-03
    6.595054E-02     1.650207E-03
    6.572312E-02     5.951134E-03
    6.560467E-02     3.320848E-03
    6.509786E-02     5.543243E-04
    6.480984E-02     9.894476E-03
    6.455887E-02     8.808025E-03
    6.367570E-02     7.755189E-04
    6.336024E-02     9.103888E-04
    6.309526E-02     4.174260E-03
    6.288862E-02     3.349373E-03
    6.242154E-02     1.779934E-03
    6.216580E-02     1.855729E-03
    6.180101E-02     1.354394E-03
    6.155248E-02     4.544982E-03
    6.122197E-02     0.000000E+00
    6.061711E-02     0.000000E+00
