# Singular Values
    5.913495E+02     3.618556E-01
    3.739537E+02     5.573903E-02
    3.395810E+02     1.991105E-02
    3.260438E+02     8.477703E-03
    3.193419E+02     8.226073E-04
    3.154406E+02     9.500809E-03
    3.113308E+02     2.721225E-03
    3.043690E+02     1.240111E-02
    2.983737E+02     3.050233E-03
    2.961464E+02     7.557694E-01
    2.948336E+02     7.387515E-01
    1.378545E+02     4.271268E-04
    1.349276E+02     1.446809E-02
    1.321192E+02     3.610595E-03
    1.312547E+02     4.320799E-03
    1.308674E+02     2.065775E-03
    1.299187E+02     6.284902E-03
    1.287108E+02     1.317361E-02
    1.283179E+02     1.319294E-02
    1.262521E+02     5.592895E-03
    1.258693E+02     2.164172E-01
    1.247877E+02     2.212827E-01
    9.964028E+01     3.899608E-02
    9.926589E+01     1.663235E-02
    9.511069E+01     1.956544E-02
    9.265779E+01     1.678063E-03
    9.205168E+01     2.142261E-03
    9.160312E+01     1.211789E-02
    9.096168E+01     2.727278E-03
    8.923679E+01     1.230062E-02
    8.778369E+01     7.916990E-04
    8.742302E+01     6.254724E-01
    8.713279E+01     5.974048E-01
    4.646204E+01     1.717359E-02
    4.502611E+01     3.476698E-03
    4.439040E+01     2.126160E-04
    4.391609E+01     8.676835E-03
    4.343760E+01     4.403042E-03
    4.333874E+01     3.590192E-03
    4.305014E+01     7.860549E-03
    4.291727E+01     2.836485E-03
    4.244981E+01     2.113289E-02
    4.210671E+01     1.400107E-02
    4.089300E+01     2.803177E-02
    4.027423E+01     1.059683E-02
    3.856838E+01     2.828201E-02
    3.732826E+01     7.017363E-03
    3.716437E+01     7.494181E-03
    3.674247E+01     2.541212E-03
    3.659860E+01     8.966255E-05
    3.636277E+01     1.321559E-03
    3.613170E+01     4.152887E-03
    3.594958E+01     1.240408E-02
    3.591723E+01     2.993642E-02
    3.544253E+01     2.272768E-02
    3.394263E+01     1.543148E-02
    3.325345E+01     1.311274E-03
    3.308489E+01     6.460922E-04
    3.287406E+01     2.533857E-03
    3.268568E+01     4.324888E-03
    3.241613E+01     7.125608E-04
    3.228815E+01     8.847571E-04
    3.218360E+01     9.404282E-03
    3.205102E+01     5.573812E-03
    3.162022E+01     2.720811E-03
    3.136956E+01     8.358688E-03
    3.120569E+01     6.600300E-03
    3.078427E+01     5.759436E-03
    3.056966E+01     3.032268E-03
    3.053187E+01     3.552109E-05
    3.040181E+01     3.065133E-03
    3.027338E+01     7.506483E-04
    3.005324E+01     2.779607E-03
    2.985709E+01     1.136030E-03
    2.974479E+01     2.742452E-02
    2.966660E+01     1.890066E-02
    2.878819E+01     4.001392E-03
    2.846881E+01     9.427931E-03
    2.804054E+01     4.037599E-03
    2.788034E+01     7.946949E-03
    2.760936E+01     1.757538E-03
    2.755915E+01     7.681631E-04
    2.746072E+01     1.771767E-03
    2.734164E+01     2.029125E-03
    2.717488E+01     1.293528E-03
    2.706400E+01     2.718377E-03
    2.698846E+01     1.209147E-03
    2.684007E+01     6.630275E-03
    2.672479E+01     9.777513E-03
    2.643416E+01     4.335825E-03
    2.640360E+01     8.586924E-04
    2.625896E+01     4.025100E-03
    2.609271E+01     9.893164E-04
    2.603207E+01     4.405111E-04
    2.594590E+01     1.029896E-04
    2.584862E+01     4.356943E-03
    2.574906E+01     7.417516E-03
    2.553836E+01     3.425280E-03
    2.551797E+01     1.505941E-04
    2.541042E+01     1.643685E-03
    2.530712E+01     4.088101E-03
    2.524571E+01     3.213801E-03
    2.508169E+01     2.136683E-03
    2.499896E+01     3.162696E-03
    2.496980E+01     3.231522E-03
    2.486191E+01     2.867995E-03
    2.483461E+01     3.047918E-03
    2.473630E+01     3.358763E-03
    2.471359E+01     2.044672E-03
    2.460811E+01     2.882477E-04
    2.455323E+01     1.316363E-03
    2.449141E+01     2.694010E-03
    2.446193E+01     1.042951E-03
    2.436675E+01     8.417255E-04
    2.429727E+01     7.060026E-04
    2.420760E+01     1.451836E-03
    2.413529E+01     2.092267E-03
    2.409816E+01     2.783064E-04
    2.401080E+01     1.118342E-03
    2.393042E+01     6.606771E-04
    2.387699E+01     3.533894E-04
    2.380795E+01     1.357220E-04
    2.373072E+01     4.907163E-04
    2.365695E+01     2.309845E-03
    2.359499E+01     3.218870E-03
    2.358760E+01     6.227224E-04
    2.350445E+01     1.688964E-03
    2.340700E+01     1.472656E-03
    2.334936E+01     1.691290E-03
    2.325759E+01     1.271890E-04
    2.320539E+01     8.894199E-05
    2.315036E+01     2.884541E-03
    2.309341E+01     4.097527E-03
    2.297025E+01     1.370524E-03
    2.294155E+01     6.685878E-04
    2.288151E+01     2.653315E-03
    2.280638E+01     2.571938E-03
    2.279188E+01     2.268336E-04
    2.271889E+01     2.298831E-03
    2.265126E+01     2.526965E-03
    2.263582E+01     4.282891E-04
    2.256329E+01     8.762235E-04
    2.248137E+01     3.054137E-04
    2.241938E+01     3.005649E-04
    2.236440E+01     1.174734E-03
    2.230284E+01     3.009154E-03
    2.226759E+01     2.996496E-03
    2.216560E+01     6.488614E-04
    2.213030E+01     2.452930E-03
    2.210939E+01     4.068006E-04
    2.203438E+01     1.207686E-03
    2.196856E+01     1.855704E-03
    2.192941E+01     3.235245E-03
    2.184974E+01     2.881867E-03
    2.184091E+01     6.328696E-04
    2.176926E+01     1.185723E-03
    2.168411E+01     1.546181E-03
    2.162492E+01     1.091191E-02
    2.153258E+01     5.886756E-03
    2.120794E+01     6.064105E-03
    2.101153E+01     2.514017E-03
    2.094355E+01     3.187652E-03
    2.082338E+01     5.767423E-03
    2.063800E+01     1.299097E-03
    2.057258E+01     1.235033E-03
    2.048075E+01     1.227940E-04
    2.036416E+01     1.232819E-03
    2.025072E+01     2.776217E-03
    2.016276E+01     5.680904E-03
    2.001952E+01     3.634042E-02
    1.999054E+01     6.181620E-03
    1.924922E+01     1.684880E-02
    1.865031E+01     1.034799E-02
    1.837708E+01     1.485518E-03
    1.792144E+01     7.419729E-02
    1.745115E+01     8.127269E-02
    1.577800E+01     1.744600E-02
    1.547305E+01     1.114185E-02
    1.544104E+01     1.023375E-02
    1.523837E+01     2.726536E-03
    1.519304E+01     4.374002E-03
    1.510661E+01     4.887024E-03
    1.508651E+01     2.249525E-03
    1.499299E+01     1.298604E-03
    1.493360E+01     1.499842E-03
    1.485515E+01     1.723308E-03
    1.479929E+01     1.048837E-03
    1.476906E+01     3.252736E-03
    1.472345E+01     1.494885E-03
    1.463032E+01     4.170679E-03
    1.455952E+01     1.398915E-03
    1.442876E+01     9.782573E-03
    1.427918E+01     4.320556E-03
    1.427008E+01     5.206052E-04
    1.419949E+01     8.125487E-03
    1.412190E+01     9.609090E-03
    1.393108E+01     4.963813E-03
    1.387553E+01     6.862292E-03
    1.375177E+01     2.233032E-04
    1.372296E+01     7.836606E-03
    1.369116E+01     7.709845E-03
    1.355280E+01     5.153127E-04
    1.351968E+01     5.934639E-03
    1.349358E+01     5.655138E-03
    1.338785E+01     4.349201E-04
    1.335828E+01     6.555867E-03
    1.332298E+01     5.806112E-03
    1.320094E+01     1.707593E-03
    1.315619E+01     1.427694E-03
    1.308922E+01     4.401886E-03
    1.300401E+01     1.033966E-04
    1.297634E+01     5.771120E-05
    1.295008E+01     2.960147E-04
    1.292313E+01     1.694131E-03
    1.289241E+01     2.850587E-03
    1.283999E+01     2.683499E-03
    1.282430E+01     5.847693E-04
    1.277429E+01     9.664377E-04
    1.273193E+01     2.888742E-03
    1.270197E+01     2.814157E-03
    1.263553E+01     1.629724E-04
    1.260487E+01     8.043840E-05
    1.257222E+01     1.432098E-03
    1.253865E+01     5.177649E-04
    1.252310E+01     3.433001E-03
    1.250109E+01     3.193512E-03
    1.243635E+01     1.651866E-04
    1.241152E+01     2.983678E-03
    1.238878E+01     2.717380E-03
    1.232924E+01     1.529596E-03
    1.230338E+01     5.919333E-04
    1.225881E+01     6.842810E-04
    1.222163E+01     2.086734E-03
    1.217623E+01     1.661609E-03
    1.210571E+01     2.578274E-03
    1.205561E+01     1.117653E-03
    1.203672E+01     3.006688E-03
    1.203129E+01     7.938282E-04
    1.198976E+01     7.396396E-04
    1.195787E+01     8.685513E-04
    1.191724E+01     1.490784E-04
    1.188707E+01     1.752420E-03
    1.185520E+01     1.882149E-03
    1.180273E+01     1.731932E-03
    1.177262E+01     2.616815E-04
    1.176294E+01     2.970404E-03
    1.175020E+01     1.596755E-03
    1.170265E+01     2.076563E-03
    1.167393E+01     4.496094E-03
    1.166948E+01     1.073267E-03
    1.161270E+01     1.639331E-03
    1.156861E+01     2.935366E-03
    1.154360E+01     4.921106E-03
    1.148488E+01     2.799762E-03
    1.148282E+01     7.928767E-05
    1.144867E+01     2.141923E-03
    1.141553E+01     1.971165E-03
    1.140689E+01     5.631383E-04
    1.137580E+01     3.996762E-05
    1.133842E+01     1.936197E-03
    1.130161E+01     3.651374E-04
    1.128675E+01     2.110700E-03
    1.127603E+01     1.935760E-03
    1.124157E+01     1.863434E-03
    1.122892E+01     3.542396E-04
    1.119541E+01     5.193814E-04
    1.116596E+01     3.832826E-04
    1.113080E+01     3.721504E-04
    1.110000E+01     1.256121E-03
    1.107341E+01     4.589933E-04
    1.106077E+01     2.612660E-03
    1.104307E+01     3.886250E-03
    1.099663E+01     1.498037E-04
    1.099303E+01     4.919525E-03
    1.098778E+01     3.273844E-03
    1.092864E+01     2.066332E-03
    1.090546E+01     3.479528E-03
    1.090484E+01     1.853961E-03
    1.086634E+01     1.750862E-04
    1.084807E+01     4.037157E-04
    1.082794E+01     1.298119E-03
    1.081221E+01     2.186253E-03
    1.078250E+01     1.601761E-03
    1.077640E+01     3.396619E-04
    1.075307E+01     2.016619E-04
    1.073343E+01     1.341766E-03
    1.071167E+01     1.054107E-03
    1.070430E+01     8.311011E-04
    1.068567E+01     1.347503E-03
    1.065822E+01     7.254847E-04
    1.064516E+01     1.231792E-03
    1.062442E+01     7.853082E-04
    1.061678E+01     6.812404E-04
    1.060082E+01     6.614660E-04
    1.057768E+01     1.132141E-03
    1.056157E+01     3.391917E-04
    1.053355E+01     1.678325E-03
    1.050917E+01     1.593684E-03
    1.050246E+01     1.023437E-04
    1.047904E+01     1.706948E-03
    1.045674E+01     7.108729E-04
    1.045231E+01     1.035448E-03
    1.044047E+01     6.225136E-04
    1.041784E+01     2.999561E-04
    1.040174E+01     8.931116E-04
    1.038877E+01     1.305879E-03
    1.036656E+01     7.369112E-04
    1.035792E+01     1.152184E-03
    1.034166E+01     4.376785E-04
    1.031353E+01     2.929975E-04
    1.028998E+01     1.828357E-03
    1.026950E+01     2.978327E-03
    1.026781E+01     9.278474E-04
    1.023559E+01     8.659664E-04
    1.021295E+01     6.878403E-04
    1.019918E+01     1.001946E-03
    1.019244E+01     6.286131E-04
    1.017551E+01     9.232651E-04
    1.015222E+01     1.362662E-03
    1.013833E+01     1.387506E-03
    1.011068E+01     5.433487E-04
    1.009711E+01     3.312612E-04
    1.007808E+01     3.545455E-05
    1.006241E+01     6.252047E-04
    1.004713E+01     8.154101E-04
    1.003814E+01     1.517606E-03
    1.002099E+01     2.194443E-03
    9.988692E+00     5.922002E-04
    9.978374E+00     9.805391E-04
    9.962166E+00     9.965229E-04
    9.955741E+00     4.874906E-04
    9.939410E+00     9.128553E-04
    9.918270E+00     4.478237E-04
    9.906214E+00     9.364180E-04
    9.889743E+00     2.965912E-03
    9.882549E+00     2.090408E-03
    9.846114E+00     9.095530E-04
    9.830341E+00     9.098680E-05
    9.823525E+00     1.267283E-03
    9.815820E+00     1.433303E-04
    9.795699E+00     1.970846E-04
    9.777021E+00     9.236542E-04
    9.760302E+00     5.259724E-04
    9.752616E+00     2.044628E-04
    9.739811E+00     8.135229E-04
    9.729012E+00     7.528639E-04
    9.710322E+00     2.003103E-03
    9.684374E+00     1.629120E-03
    9.677863E+00     1.011654E-03
    9.655612E+00     6.557859E-04
    9.643163E+00     6.885473E-04
    9.637048E+00     7.050676E-04
    9.624308E+00     2.987747E-04
    9.618364E+00     1.460683E-03
    9.609552E+00     1.385882E-03
    9.586735E+00     5.876198E-04
    9.577236E+00     2.720851E-04
    9.573370E+00     1.692579E-03
    9.572109E+00     7.889822E-04
    9.554663E+00     6.184779E-04
    9.544777E+00     1.011387E-04
    9.529005E+00     1.104697E-03
    9.514222E+00     1.016426E-04
    9.509961E+00     3.527283E-03
    9.506669E+00     2.511110E-03
    9.469915E+00     1.760462E-04
    9.457022E+00     7.944085E-04
    9.445809E+00     1.218608E-03
    9.427117E+00     4.071188E-04
    9.419934E+00     7.909933E-04
    9.408926E+00     2.388149E-04
    9.405367E+00     1.375410E-03
    9.399565E+00     1.391556E-03
    9.380854E+00     1.479285E-03
    9.375218E+00     1.496441E-03
    9.355735E+00     7.746479E-04
    9.350275E+00     7.029925E-04
    9.337581E+00     4.863595E-04
    9.331462E+00     5.069669E-04
    9.320813E+00     5.533351E-04
    9.314898E+00     1.719526E-04
    9.303836E+00     1.268456E-03
    9.291190E+00     2.069614E-03
    9.290338E+00     1.655440E-03
    9.270280E+00     4.902760E-04
    9.265591E+00     7.462450E-05
    9.256366E+00     2.942565E-04
    9.247840E+00     3.818497E-05
    9.242041E+00     1.245263E-03
    9.235892E+00     1.582581E-03
    9.218262E+00     5.462358E-04
    9.215237E+00     6.805215E-05
    9.207183E+00     4.454068E-04
    9.199762E+00     7.337745E-04
    9.188254E+00     1.735884E-04
    9.183496E+00     6.376026E-04
    9.177147E+00     1.043301E-03
    9.164957E+00     2.084387E-03
    9.162338E+00     1.736790E-03
    9.140647E+00     4.825642E-04
    9.134858E+00     1.046554E-03
    9.133480E+00     4.033063E-04
    9.122550E+00     3.105434E-04
    9.115308E+00     6.091582E-04
    9.105244E+00     3.224889E-04
    9.100733E+00     2.857009E-04
    9.093292E+00     3.764414E-04
    9.088453E+00     1.360556E-03
    9.087036E+00     9.449274E-04
    9.073267E+00     6.405908E-04
    9.068083E+00     2.465048E-04
    9.057098E+00     3.460830E-04
    9.048357E+00     1.348290E-04
    9.042754E+00     4.086580E-04
    9.035935E+00     1.100671E-03
    9.032812E+00     5.649463E-04
    9.019757E+00     3.676430E-04
    9.011810E+00     7.997797E-04
    9.000561E+00     5.886096E-04
    8.996519E+00     1.115837E-04
    8.987186E+00     6.921698E-05
    8.978866E+00     4.475975E-04
    8.971173E+00     1.634606E-04
    8.967501E+00     8.448474E-04
    8.962364E+00     4.509553E-04
    8.949667E+00     3.799154E-04
    8.941018E+00     3.974254E-04
    8.935772E+00     4.055703E-04
    8.926981E+00     4.254982E-04
    8.921816E+00     7.591716E-04
    8.912860E+00     5.656926E-04
    8.910676E+00     8.574816E-04
    8.903454E+00     7.959675E-04
    8.888614E+00     6.643745E-04
    8.880863E+00     2.312436E-04
    8.879017E+00     1.384583E-03
    8.875119E+00     9.712282E-04
    8.858947E+00     3.979782E-04
    8.851398E+00     2.802222E-04
    8.847376E+00     8.718124E-04
    8.845834E+00     3.091841E-04
    8.836585E+00     1.137044E-03
    8.824616E+00     7.782454E-04
    8.822690E+00     3.887237E-04
    8.813903E+00     6.814887E-04
    8.808547E+00     1.090867E-03
    8.797198E+00     8.248522E-04
    8.795453E+00     5.179342E-04
    8.786457E+00     2.622756E-04
    8.782018E+00     4.094967E-05
    8.775280E+00     1.556182E-04
    8.768187E+00     7.774028E-04
    8.759737E+00     1.379185E-03
    8.744495E+00     1.517557E-04
    8.741326E+00     6.272589E-04
    8.739485E+00     6.831063E-04
    8.732166E+00     7.094566E-04
    8.718894E+00     4.567520E-04
    8.711821E+00     1.915127E-04
    8.708731E+00     6.256279E-05
    8.703974E+00     7.943383E-05
    8.698676E+00     1.028938E-04
    8.694072E+00     1.476772E-04
    8.688576E+00     6.406601E-04
    8.684367E+00     1.026812E-03
    8.674599E+00     8.118910E-04
    8.673745E+00     3.979794E-04
    8.665852E+00     9.801799E-04
    8.661413E+00     6.433832E-04
    8.648494E+00     4.191361E-04
    8.641153E+00     3.940181E-04
    8.637438E+00     4.750889E-04
    8.630323E+00     6.250197E-05
    8.627311E+00     9.478807E-04
    8.623762E+00     8.355009E-05
    8.612047E+00     6.087536E-04
    8.601066E+00     4.828522E-04
    8.595330E+00     1.408824E-03
    8.593747E+00     1.532545E-03
    8.580068E+00     8.339566E-04
    8.579548E+00     2.117031E-04
    8.571878E+00     5.493546E-04
    8.562401E+00     2.782468E-05
    8.557635E+00     1.320896E-04
    8.552633E+00     1.682209E-04
    8.546505E+00     5.540123E-04
    8.541819E+00     2.202048E-04
    8.532407E+00     5.467607E-04
    8.524882E+00     1.069392E-04
    8.522021E+00     3.786510E-04
    8.520073E+00     5.014030E-04
    8.514901E+00     2.758233E-04
    8.505466E+00     5.283072E-04
    8.498385E+00     1.276482E-04
    8.495798E+00     6.763325E-04
    8.492127E+00     7.342449E-04
    8.482718E+00     2.072664E-04
    8.479544E+00     1.105710E-03
    8.474614E+00     1.330106E-03
    8.460328E+00     2.229356E-04
    8.457307E+00     4.098617E-04
    8.456172E+00     4.241535E-04
    8.451572E+00     1.649494E-04
    8.443393E+00     2.137286E-04
    8.436613E+00     6.459703E-04
    8.431641E+00     9.269831E-04
    8.421230E+00     1.571944E-04
    8.418632E+00     1.097318E-04
    8.414712E+00     3.212589E-04
    8.409871E+00     1.171134E-04
    8.407734E+00     1.907152E-04
    8.404613E+00     9.757297E-04
    8.399890E+00     1.088488E-03
    8.386983E+00     3.388149E-04
    8.383216E+00     4.341089E-04
    8.376612E+00     1.461579E-04
    8.373647E+00     9.252938E-04
    8.369460E+00     7.987270E-04
    8.357539E+00     1.103479E-04
    8.352303E+00     3.442081E-04
    8.347991E+00     4.344748E-04
    8.340810E+00     1.452752E-04
    8.337257E+00     3.753389E-04
    8.332495E+00     5.991538E-04
    8.324610E+00     1.212991E-04
    8.321718E+00     6.796447E-05
    8.317817E+00     3.250135E-04
    8.314483E+00     3.009152E-04
    8.308450E+00     7.303614E-04
    8.304920E+00     8.089799E-04
    8.295330E+00     2.176481E-05
    8.292458E+00     4.487906E-04
    8.289766E+00     4.896956E-04
    8.283358E+00     3.149515E-04
    8.272902E+00     6.072740E-05
    8.265062E+00     7.078358E-04
    8.257730E+00     5.679446E-04
    8.256248E+00     1.192850E-04
    8.250078E+00     4.584746E-04
    8.244897E+00     4.062985E-04
    8.243498E+00     1.537635E-04
    8.238750E+00     3.207567E-04
    8.235272E+00     1.070510E-04
    8.229155E+00     1.355668E-04
    8.223923E+00     3.419298E-04
    8.219809E+00     7.098334E-04
    8.218506E+00     3.242631E-04
    8.211373E+00     4.039369E-04
    8.206906E+00     1.090524E-03
    8.205756E+00     4.564671E-04
    8.195664E+00     4.306557E-04
    8.189322E+00     7.869569E-05
    8.186509E+00     4.375477E-04
    8.184341E+00     2.379046E-04
    8.178594E+00     3.816217E-04
    8.174797E+00     2.812625E-04
    8.167883E+00     1.856275E-04
    8.163271E+00     1.805381E-05
    8.157147E+00     8.394972E-07
    8.151174E+00     1.846331E-04
    8.145200E+00     3.495530E-04
    8.140732E+00     4.677525E-04
    8.139112E+00     2.046424E-04
    8.133686E+00     7.854864E-04
    8.126601E+00     9.343457E-04
    8.125903E+00     6.148491E-04
    8.117616E+00     3.295530E-04
    8.114325E+00     4.930549E-04
    8.108363E+00     5.308434E-04
    8.106401E+00     2.396023E-04
    8.100139E+00     5.827396E-04
    8.091943E+00     4.061143E-05
    8.088466E+00     2.801843E-04
    8.084663E+00     4.904903E-04
    8.078598E+00     5.802082E-04
    8.076498E+00     1.553110E-04
    8.069715E+00     8.358394E-05
    8.064191E+00     2.236270E-04
    8.059343E+00     2.127173E-05
    8.056300E+00     3.209560E-04
    8.053429E+00     2.203200E-05
    8.047976E+00     5.060698E-05
    8.042704E+00     1.207230E-04
    8.037028E+00     1.954057E-04
    8.032326E+00     6.268431E-05
    8.026059E+00     5.929157E-04
    8.020299E+00     5.567847E-04
    8.019296E+00     5.013069E-04
    8.013831E+00     3.866572E-04
    8.012384E+00     3.423362E-05
    8.007841E+00     2.581437E-04
    8.003027E+00     5.690115E-04
    8.000281E+00     8.641875E-04
    7.992986E+00     3.458059E-04
    7.992602E+00     7.086956E-04
    7.989454E+00     5.262130E-04
    7.980650E+00     4.469159E-04
    7.976052E+00     4.598664E-04
    7.967895E+00     2.345887E-04
    7.963407E+00     8.782309E-05
    7.960789E+00     1.736501E-04
    7.957473E+00     3.466413E-05
    7.952777E+00     4.117188E-04
    7.947809E+00     7.874874E-04
    7.946114E+00     7.083721E-04
    7.938166E+00     6.349104E-04
    7.935846E+00     6.156973E-04
    7.928491E+00     3.897461E-05
    7.926021E+00     2.403488E-04
    7.923243E+00     1.369047E-04
    7.918563E+00     9.164555E-05
    7.912802E+00     4.253335E-04
    7.906321E+00     1.049360E-03
    7.896486E+00     9.711925E-04
    7.894943E+00     8.292499E-04
    7.885738E+00     6.464507E-05
    7.883078E+00     8.992055E-06
    7.880929E+00     4.291611E-04
    7.878851E+00     4.995694E-04
    7.873394E+00     8.960501E-04
    7.871872E+00     8.424884E-04
    7.863301E+00     2.279060E-04
    7.861360E+00     9.069199E-05
    7.857629E+00     2.218070E-04
    7.853187E+00     1.002201E-03
    7.850489E+00     9.418968E-04
    7.839930E+00     1.688372E-04
    7.836764E+00     7.390627E-05
    7.834922E+00     1.058549E-04
    7.832501E+00     5.189235E-04
    7.829252E+00     5.990046E-04
    7.821945E+00     1.257247E-04
    7.819326E+00     6.369841E-04
    7.817692E+00     5.229398E-04
    7.811080E+00     5.014518E-04
    7.808557E+00     2.519716E-04
    7.802121E+00     4.919691E-06
    7.797654E+00     1.345520E-04
    7.793152E+00     2.252715E-04
    7.787605E+00     1.055266E-04
    7.783815E+00     3.026771E-04
    7.780848E+00     3.882802E-04
    7.775528E+00     1.813475E-04
    7.773229E+00     4.431548E-04
    7.769522E+00     3.670373E-04
    7.762376E+00     2.795643E-05
    7.758084E+00     2.860467E-04
    7.754011E+00     4.859277E-04
    7.752157E+00     5.390599E-04
    7.746538E+00     7.374216E-04
    7.745097E+00     1.441786E-04
    7.737949E+00     7.330571E-04
    7.729692E+00     4.119917E-05
    7.727107E+00     9.764974E-05
    7.724204E+00     3.099494E-04
    7.720548E+00     6.360269E-04
    7.714503E+00     6.951840E-04
    7.713366E+00     3.847228E-04
    7.706871E+00     3.376278E-06
    7.703343E+00     6.253853E-04
    7.699792E+00     7.695018E-04
    7.691430E+00     1.429383E-04
    7.688992E+00     1.993829E-04
    7.685456E+00     3.429138E-04
    7.680391E+00     1.870253E-04
    7.677961E+00     2.019322E-04
    7.674096E+00     5.280691E-04
    7.671782E+00     2.374763E-04
    7.665420E+00     3.516636E-04
    7.660883E+00     2.160211E-04
    7.659041E+00     5.894186E-04
    7.655546E+00     2.997520E-04
    7.647543E+00     4.123553E-04
    7.641839E+00     1.680476E-04
    7.639288E+00     1.873646E-04
    7.635456E+00     7.615743E-05
    7.633055E+00     9.050422E-06
    7.631236E+00     5.187659E-04
    7.629486E+00     3.277929E-04
    7.623781E+00     3.331360E-04
    7.620578E+00     1.050404E-04
    7.614839E+00     5.147024E-04
    7.608305E+00     8.652231E-06
    7.605691E+00     3.930877E-04
    7.603011E+00     2.783317E-04
    7.597346E+00     5.648590E-05
    7.593797E+00     1.229553E-04
    7.590680E+00     4.121947E-04
    7.586631E+00     6.394352E-04
    7.585710E+00     5.377653E-04
    7.579940E+00     4.727574E-04
    7.578250E+00     3.538046E-04
    7.572978E+00     9.448768E-05
    7.570389E+00     9.034037E-04
    7.568515E+00     5.251915E-04
    7.559809E+00     3.320072E-04
    7.555080E+00     1.977889E-04
    7.552861E+00     3.215880E-04
    7.549150E+00     4.524985E-04
    7.543014E+00     2.699435E-04
    7.540294E+00     6.248114E-05
    7.535541E+00     3.452465E-04
    7.531261E+00     7.778978E-04
    7.529583E+00     4.579878E-04
    7.522052E+00     1.313293E-04
    7.517971E+00     2.215276E-04
    7.514878E+00     2.390357E-04
    7.513451E+00     1.665065E-05
    7.510229E+00     1.049356E-04
    7.506884E+00     1.833069E-04
    7.504327E+00     1.030668E-03
    7.500396E+00     1.313750E-03
    7.488745E+00     8.650266E-05
    7.486942E+00     2.671286E-04
    7.484491E+00     1.235755E-04
    7.480043E+00     6.437261E-04
    7.476521E+00     6.224968E-04
    7.468192E+00     2.025472E-04
    7.464518E+00     2.637128E-04
    7.462356E+00     3.695980E-04
    7.458228E+00     1.896124E-05
    7.456858E+00     8.486810E-04
    7.455630E+00     8.623320E-04
    7.448078E+00     1.001014E-03
    7.446953E+00     1.050198E-03
    7.438378E+00     3.935153E-04
    7.437620E+00     2.946736E-04
    7.433936E+00     5.302112E-04
    7.428064E+00     2.256720E-04
    7.426134E+00     6.374634E-05
    7.422529E+00     6.142314E-05
    7.418453E+00     1.945394E-04
    7.413924E+00     3.907975E-05
    7.410839E+00     2.421003E-04
    7.407465E+00     7.269472E-05
    7.405886E+00     1.027899E-03
    7.404846E+00     1.047313E-03
    7.396200E+00     7.850290E-04
    7.395304E+00     6.721404E-04
    7.388606E+00     1.981408E-04
    7.386878E+00     6.758563E-04
    7.383687E+00     1.061138E-03
    7.375510E+00     9.623113E-04
    7.375165E+00     2.779632E-04
    7.367726E+00     6.259335E-04
    7.362341E+00     8.687828E-05
    7.361567E+00     1.128247E-03
    7.360153E+00     1.238649E-03
    7.350441E+00     7.475510E-04
    7.349840E+00     7.021671E-04
    7.343748E+00     6.186282E-04
    7.342815E+00     5.528029E-04
    7.337341E+00     2.695812E-04
    7.335926E+00     5.017369E-05
    7.332534E+00     2.745575E-04
    7.328775E+00     1.373124E-04
    7.323008E+00     3.818128E-04
    7.318250E+00     1.530128E-04
    7.316289E+00     1.656843E-04
    7.313208E+00     3.605307E-04
    7.308918E+00     6.209230E-04
    7.307265E+00     2.632156E-04
    7.301077E+00     3.095532E-04
    7.296814E+00     1.346178E-04
    7.294812E+00     3.117455E-04
    7.291829E+00     4.902588E-04
    7.286575E+00     1.411253E-04
    7.284895E+00     5.009354E-04
    7.282188E+00     5.517567E-04
    7.275837E+00     5.165487E-05
    7.273503E+00     6.833445E-05
    7.270794E+00     8.207714E-04
    7.268583E+00     6.612662E-04
    7.260411E+00     5.107914E-05
    7.257045E+00     2.064741E-04
    7.254052E+00     2.945927E-04
    7.249562E+00     2.176522E-05
    7.247211E+00     4.717869E-04
    7.245017E+00     5.910815E-04
    7.239408E+00     1.367019E-04
    7.238081E+00     8.482552E-04
    7.237743E+00     7.434333E-04
    7.231268E+00     6.264424E-04
    7.230172E+00     1.252241E-04
    7.224550E+00     4.958409E-05
    7.219836E+00     2.678243E-04
    7.215482E+00     2.298827E-04
    7.213063E+00     1.668625E-04
    7.208987E+00     2.814571E-04
    7.206116E+00     4.241935E-04
    7.201219E+00     2.391235E-04
    7.199378E+00     2.283748E-04
    7.195818E+00     2.048508E-04
    7.190616E+00     2.825622E-05
    7.186890E+00     5.658666E-05
    7.182964E+00     2.812404E-05
    7.178633E+00     3.444671E-04
    7.174506E+00     8.398275E-04
    7.172853E+00     1.010197E-03
    7.165180E+00     6.065551E-04
    7.164749E+00     3.650380E-05
    7.159973E+00     2.826072E-04
    7.154940E+00     1.869986E-04
    7.151932E+00     3.344012E-04
    7.150261E+00     2.745440E-04
    7.146201E+00     1.524727E-04
    7.144104E+00     1.153806E-04
    7.140919E+00     4.258341E-04
    7.138559E+00     5.366105E-04
    7.133162E+00     3.567533E-04
    7.131594E+00     2.034465E-04
    7.127484E+00     1.722436E-04
    7.124825E+00     3.284615E-04
    7.120941E+00     2.665511E-04
    7.114721E+00     1.763745E-04
    7.110403E+00     2.596141E-04
    7.107340E+00     2.721149E-04
    7.102434E+00     1.600359E-04
    7.099463E+00     1.571354E-04
    7.095358E+00     5.960745E-04
    7.092370E+00     4.664651E-04
    7.085158E+00     9.410274E-05
    7.081256E+00     6.966486E-06
    7.078022E+00     4.944389E-07
    7.074741E+00     4.707892E-05
    7.071457E+00     1.585234E-05
    7.068508E+00     8.014318E-05
    7.065672E+00     2.244097E-04
    7.062271E+00     2.867708E-04
    7.057288E+00     2.394430E-05
    7.054331E+00     6.283149E-05
    7.051545E+00     1.464415E-04
    7.049202E+00     2.149576E-04
    7.045828E+00     2.672216E-04
    7.040942E+00     2.119512E-04
    7.037940E+00     4.240444E-05
    7.033448E+00     4.307551E-04
    7.028661E+00     4.124188E-04
    7.026903E+00     1.751814E-04
    7.022250E+00     5.710540E-05
    7.018828E+00     9.420392E-05
    7.015008E+00     3.156020E-04
    7.011851E+00     8.702818E-05
    7.006483E+00     5.675389E-04
    7.000510E+00     2.109608E-04
    6.998513E+00     3.790726E-05
    6.995041E+00     6.242533E-06
    6.991305E+00     3.462912E-04
    6.987615E+00     1.636232E-05
    6.986346E+00     1.824639E-04
    6.985191E+00     3.140326E-04
    6.982763E+00     2.338397E-04
    6.978143E+00     7.877683E-04
    6.971896E+00     4.878122E-04
    6.971144E+00     2.066126E-04
    6.966993E+00     5.897396E-04
    6.961406E+00     1.526190E-04
    6.959927E+00     6.372319E-05
    6.957386E+00     6.363503E-05
    6.954403E+00     2.644355E-05
    6.950978E+00     1.647119E-04
    6.947739E+00     3.861348E-04
    6.943358E+00     5.433698E-04
    6.941660E+00     2.844940E-04
    6.936192E+00     7.479158E-05
    6.932700E+00     1.393348E-04
    6.929729E+00     7.199785E-05
    6.925793E+00     1.328418E-04
    6.922358E+00     2.442143E-04
    6.919845E+00     2.727154E-05
    6.915642E+00     3.558959E-04
    6.911254E+00     1.548136E-04
    6.909328E+00     8.814317E-04
    6.908471E+00     1.673728E-04
    6.901529E+00     5.163713E-04
    6.895747E+00     6.326937E-05
    6.893529E+00     1.422628E-04
    6.891748E+00     1.109476E-04
    6.888987E+00     2.659450E-04
    6.886992E+00     1.317723E-04
    6.883166E+00     5.328280E-04
    6.878435E+00     5.448439E-04
    6.877372E+00     2.950887E-04
    6.872563E+00     4.933529E-04
    6.865731E+00     1.171438E-04
    6.862291E+00     1.003169E-04
    6.859656E+00     3.889852E-04
    6.857710E+00     1.563934E-04
    6.853098E+00     6.992464E-04
    6.847419E+00     8.000587E-04
    6.846529E+00     8.052623E-04
    6.840165E+00     3.180127E-04
    6.839313E+00     5.853755E-06
    6.836286E+00     2.558489E-04
    6.833220E+00     5.464400E-04
    6.831904E+00     3.331428E-04
    6.826856E+00     8.889138E-04
    6.819540E+00     2.726334E-04
    6.818289E+00     6.508610E-05
    6.815181E+00     1.425378E-04
    6.812517E+00     4.669883E-04
    6.810826E+00     3.372294E-04
    6.805955E+00     4.788870E-04
    6.803382E+00     2.939332E-04
    6.797554E+00     7.159160E-04
    6.789735E+00     8.061227E-05
    6.786782E+00     4.006067E-04
    6.784377E+00     6.352036E-04
    6.779257E+00     5.230565E-04
    6.778444E+00     4.860484E-04
    6.774088E+00     7.138315E-04
    6.773026E+00     7.810752E-04
    6.767131E+00     6.483297E-04
    6.766525E+00     5.219044E-04
    6.761534E+00     2.908563E-04
    6.760073E+00     1.487883E-04
    6.756648E+00     6.839295E-05
    6.754229E+00     2.600652E-04
    6.751349E+00     3.389604E-04
    6.750226E+00     3.778293E-04
    6.746815E+00     3.912018E-04
    6.740859E+00     3.190237E-05
    6.737543E+00     2.516532E-04
    6.734015E+00     2.958000E-04
    6.732182E+00     9.713564E-05
    6.728358E+00     3.893589E-04
    6.723884E+00     1.312027E-04
    6.722030E+00     1.590178E-03
    6.721058E+00     1.211105E-03
    6.709408E+00     2.250248E-04
    6.705896E+00     1.714357E-04
    6.703893E+00     9.793250E-04
    6.703040E+00     4.033321E-04
    6.695627E+00     6.334896E-04
    6.690920E+00     7.090416E-04
    6.690454E+00     3.927009E-04
    6.685245E+00     8.182145E-05
    6.682665E+00     2.753938E-04
    6.680632E+00     4.149352E-04
    6.676761E+00     3.453025E-04
    6.675661E+00     4.887352E-05
    6.672257E+00     3.531045E-04
    6.669181E+00     5.069386E-04
    6.663753E+00     2.163961E-04
    6.661706E+00     1.714055E-05
    6.658218E+00     4.002184E-04
    6.654846E+00     2.164605E-04
    6.648814E+00     3.352896E-04
    6.644226E+00     7.039729E-04
    6.641867E+00     6.196265E-04
    6.634837E+00     1.223841E-05
    6.631923E+00     1.778683E-04
    6.629091E+00     4.056260E-04
    6.625081E+00     1.509928E-04
    6.623760E+00     1.282285E-04
    6.621440E+00     1.028732E-04
    6.618272E+00     1.452052E-04
    6.615786E+00     2.629112E-04
    6.614261E+00     2.214873E-04
    6.610998E+00     2.721756E-04
    6.609200E+00     3.498560E-05
    6.605605E+00     1.817596E-04
    6.602243E+00     1.535400E-04
    6.600082E+00     7.781394E-05
    6.596908E+00     3.159222E-04
    6.594250E+00     1.186609E-04
    6.589510E+00     9.717900E-05
    6.583992E+00     3.111655E-04
    6.579119E+00     3.468481E-04
    6.576295E+00     3.375716E-04
    6.575752E+00     6.522730E-04
    6.572990E+00     1.011752E-03
    6.565946E+00     6.447018E-04
    6.565548E+00     1.643190E-04
    6.560919E+00     3.460319E-04
    6.557371E+00     4.697172E-05
    6.556093E+00     5.313847E-04
    6.555123E+00     1.799672E-04
    6.550671E+00     5.481906E-05
    6.547400E+00     2.950720E-04
    6.544490E+00     4.640663E-04
    6.539652E+00     3.994516E-04
    6.537850E+00     9.832717E-05
    6.533438E+00     1.843653E-04
    6.529671E+00     3.018383E-04
    6.527110E+00     2.229826E-04
    6.522581E+00     2.387761E-04
    6.519508E+00     4.638559E-05
    6.517993E+00     6.545795E-04
    6.516781E+00     1.402938E-04
    6.511305E+00     9.163451E-05
    6.506747E+00     2.952203E-04
    6.501596E+00     4.131428E-04
    6.498367E+00     6.654826E-04
    6.492457E+00     1.031457E-04
    6.490871E+00     1.196184E-04
    6.488615E+00     2.658551E-04
    6.485585E+00     2.123910E-04
    6.480833E+00     8.594536E-05
    6.477460E+00     5.489489E-04
    6.473532E+00     6.954536E-04
    6.473159E+00     4.549703E-04
    6.468286E+00     7.222580E-04
    6.466358E+00     9.656140E-04
    6.459764E+00     3.664195E-04
    6.459410E+00     4.142905E-04
    6.456690E+00     5.298084E-04
    6.451298E+00     5.032667E-04
    6.449327E+00     2.907360E-04
    6.444112E+00     5.719938E-04
    6.440774E+00     4.477646E-04
    6.433756E+00     5.233016E-04
    6.429624E+00     3.615005E-04
    6.428859E+00     5.929975E-05
    6.425770E+00     8.925335E-04
    6.423063E+00     1.150194E-03
    6.414630E+00     5.045185E-05
    6.413580E+00     4.463797E-04
    6.412208E+00     4.405513E-04
    6.407974E+00     3.242516E-04
    6.406565E+00     8.187119E-05
    6.403080E+00     4.422597E-04
    6.400120E+00     7.155923E-04
    6.394334E+00     1.475216E-04
    6.393125E+00     4.814979E-05
    6.390975E+00     2.515230E-04
    6.388517E+00     1.027830E-03
    6.387666E+00     2.998574E-05
    6.380255E+00     9.371842E-04
    6.372661E+00     2.171975E-04
    6.371044E+00     3.977335E-04
    6.368045E+00     3.723238E-04
    6.362515E+00     1.520287E-04
    6.359358E+00     8.064201E-05
    6.357169E+00     1.590635E-04
    6.354468E+00     1.464478E-04
    6.352778E+00     6.216363E-04
    6.350159E+00     5.404468E-04
    6.343597E+00     1.026973E-04
    6.340467E+00     2.751280E-05
    6.337989E+00     4.252785E-04
    6.335338E+00     1.542436E-04
    6.329996E+00     1.125091E-04
    6.325633E+00     4.763839E-05
    6.321985E+00     1.543758E-04
    6.318038E+00     1.924056E-04
    6.315069E+00     1.625550E-04
    6.310886E+00     8.739152E-05
    6.307732E+00     9.859267E-05
    6.305130E+00     3.723947E-04
    6.303150E+00     3.898356E-04
    6.298825E+00     1.077250E-03
    6.296957E+00     1.128543E-03
    6.288312E+00     1.259589E-04
    6.286770E+00     5.707314E-04
    6.286020E+00     4.359213E-04
    6.281684E+00     5.099041E-04
    6.280088E+00     3.318608E-04
    6.275291E+00     3.351248E-04
    6.272580E+00     1.059888E-03
    6.271971E+00     8.413642E-04
    6.264719E+00     5.244778E-04
    6.262743E+00     3.962330E-04
    6.257484E+00     4.846993E-06
    6.254707E+00     5.375834E-04
    6.251962E+00     6.832683E-04
    6.245860E+00     1.736376E-04
    6.244029E+00     3.219365E-04
    6.241114E+00     5.424839E-04
    6.236192E+00     3.604916E-04
    6.234656E+00     1.557482E-05
    6.230874E+00     2.307677E-05
    6.227191E+00     1.860445E-04
    6.223653E+00     4.989059E-05
    6.218961E+00     5.238752E-04
    6.213962E+00     2.085103E-04
    6.212221E+00     1.229804E-04
    6.209185E+00     8.238214E-06
    6.206914E+00     5.791480E-04
    6.204593E+00     3.779043E-04
    6.198681E+00     1.902757E-04
    6.195117E+00     1.447514E-05
    6.192732E+00     1.640571E-04
    6.190438E+00     4.229648E-04
    6.189160E+00     4.413543E-04
    6.185265E+00     1.307518E-03
    6.184102E+00     3.756195E-04
    6.174860E+00     9.847253E-04
    6.167948E+00     3.474843E-04
    6.167114E+00     5.788957E-04
    6.164137E+00     7.833543E-04
    6.157597E+00     1.020732E-04
    6.155884E+00     9.228728E-05
    6.153543E+00     6.626855E-05
    6.151770E+00     7.658337E-05
    6.149591E+00     1.012303E-03
    6.147883E+00     1.113635E-03
    6.139957E+00     2.643001E-04
    6.138874E+00     8.000035E-04
    6.136169E+00     9.196412E-04
    6.128560E+00     9.203454E-05
    6.126593E+00     7.064727E-04
    6.125190E+00     2.999270E-04
    6.119462E+00     1.051856E-03
    6.111906E+00     7.662291E-05
    6.110784E+00     3.664846E-04
    6.109195E+00     1.716123E-04
    6.105367E+00     3.701414E-04
    6.102589E+00     1.488328E-04
    6.097555E+00     3.333251E-04
    6.093432E+00     8.091741E-04
    6.087283E+00     4.696580E-05
    6.086062E+00     1.200880E-04
    6.084556E+00     4.080891E-04
    6.082320E+00     3.390590E-04
    6.077603E+00     1.037467E-04
    6.074950E+00     4.813977E-05
    6.071668E+00     1.054488E-04
    6.068096E+00     1.295063E-04
    6.063887E+00     3.902545E-04
    6.060465E+00     3.094593E-04
    6.054682E+00     4.421055E-04
    6.050776E+00     7.216531E-04
    6.049547E+00     5.319253E-04
    6.043955E+00     4.003690E-04
    6.041581E+00     2.817000E-04
    6.036790E+00     1.385035E-05
    6.033703E+00     1.182802E-04
    6.030701E+00     1.251837E-04
    6.026987E+00     2.237744E-04
    6.024030E+00     1.385353E-04
    6.022421E+00     3.913498E-04
    6.021648E+00     2.301055E-04
    6.018518E+00     3.545754E-04
    6.014006E+00     2.033493E-04
    6.011629E+00     1.027740E-03
    6.008031E+00     1.582759E-03
    5.998267E+00     5.459970E-04
    5.998005E+00     1.474806E-04
    5.994469E+00     5.057090E-04
    5.990052E+00     6.473865E-04
    5.988665E+00     4.847685E-04
    5.983405E+00     5.098344E-04
    5.981047E+00     2.608818E-04
    5.975643E+00     1.467639E-04
    5.971802E+00     3.008347E-04
    5.968839E+00     3.287717E-04
    5.964083E+00     3.600722E-04
    5.961291E+00     8.129201E-04
    5.960645E+00     3.592468E-04
    5.955157E+00     3.039293E-04
    5.947537E+00     6.780525E-04
    5.941732E+00     1.002687E-04
    5.939959E+00     6.959665E-04
    5.938782E+00     4.685976E-04
    5.933474E+00     3.331433E-04
    5.930950E+00     1.106289E-04
    5.926452E+00     2.818325E-04
    5.922612E+00     5.263515E-04
    5.920444E+00     4.073229E-04
    5.915161E+00     2.400959E-04
    5.912292E+00     3.591854E-04
    5.908005E+00     7.404343E-04
    5.901601E+00     2.531593E-04
    5.899570E+00     6.081499E-04
    5.899034E+00     2.448441E-04
    5.894911E+00     6.786054E-04
    5.889350E+00     8.043268E-04
    5.887787E+00     5.884045E-04
    5.881493E+00     2.351613E-04
    5.878663E+00     1.454476E-04
    5.874453E+00     5.055246E-04
    5.871100E+00     8.741551E-04
    5.864783E+00     3.914175E-05
    5.863596E+00     4.804147E-04
    5.862180E+00     1.813155E-04
    5.857950E+00     3.528145E-04
    5.854784E+00     6.421372E-04
    5.849556E+00     7.636558E-04
    5.848086E+00     3.256837E-04
    5.842154E+00     1.528537E-04
    5.838129E+00     5.638861E-04
    5.834998E+00     5.995116E-04
    5.828582E+00     3.517862E-04
    5.825664E+00     4.848360E-04
    5.820700E+00     9.887871E-04
    5.818560E+00     8.357002E-04
    5.810672E+00     2.915582E-04
    5.807647E+00     6.717958E-04
    5.806316E+00     6.192206E-04
    5.801086E+00     5.984537E-04
    5.799452E+00     7.109895E-04
    5.794349E+00     6.910846E-04
    5.793368E+00     4.694911E-04
    5.788386E+00     9.664733E-04
    5.780694E+00     5.611282E-04
    5.778594E+00     3.608332E-04
    5.773254E+00     6.389149E-05
    5.770001E+00     7.049205E-05
    5.766381E+00     3.458516E-04
    5.763169E+00     1.483246E-04
    5.757968E+00     5.893447E-05
    5.753625E+00     1.502962E-04
    5.748946E+00     1.182197E-04
    5.745134E+00     4.452844E-04
    5.740647E+00     8.845350E-04
    5.738717E+00     2.856462E-04
    5.731716E+00     1.482129E-04
    5.726359E+00     9.627946E-04
    5.720159E+00     3.831585E-04
    5.719470E+00     5.601928E-04
    5.716590E+00     6.535338E-04
    5.710512E+00     5.423859E-04
    5.708170E+00     7.554261E-04
    5.702734E+00     9.049780E-04
    5.701610E+00     2.527433E-04
    5.695329E+00     4.600884E-04
    5.690493E+00     2.183984E-04
    5.688277E+00     5.217355E-05
    5.684821E+00     1.784360E-04
    5.681663E+00     2.005519E-04
    5.677494E+00     2.081199E-03
    5.674466E+00     2.474362E-03
    5.659648E+00     1.472223E-04
    5.658854E+00     5.687959E-04
    5.657227E+00     2.296322E-04
    5.652384E+00     1.884094E-04
    5.648843E+00     5.182484E-04
    5.646368E+00     8.653419E-05
    5.640969E+00     5.157187E-04
    5.635088E+00     3.452597E-04
    5.632117E+00     2.298522E-04
    5.627204E+00     5.461124E-04
    5.623588E+00     3.913356E-04
    5.623045E+00     7.128877E-04
    5.620301E+00     1.315898E-04
    5.613556E+00     2.908368E-04
    5.607556E+00     1.467275E-04
    5.603193E+00     2.946630E-05
    5.599654E+00     1.503798E-03
    5.596283E+00     1.802528E-03
    5.584509E+00     1.457206E-04
    5.582814E+00     1.138495E-04
    5.580306E+00     7.707755E-04
    5.577165E+00     8.770445E-04
    5.569730E+00     4.902793E-04
    5.567186E+00     7.019027E-04
    5.561916E+00     9.320375E-04
    5.560552E+00     2.786567E-04
    5.554010E+00     6.301992E-04
    5.545930E+00     2.302980E-04
    5.541352E+00     3.104721E-05
    5.538054E+00     1.877900E-04
    5.534585E+00     1.412351E-04
    5.532158E+00     8.098406E-05
    5.528951E+00     8.861978E-04
    5.526193E+00     1.247966E-04
    5.518543E+00     9.863742E-04
    5.510217E+00     1.321915E-04
    5.507333E+00     6.232349E-04
    5.505178E+00     7.456734E-04
    5.499595E+00     1.517746E-03
    5.498117E+00     2.652415E-04
    5.488302E+00     7.768961E-04
    5.479958E+00     2.053751E-04
    5.475880E+00     1.254529E-04
    5.472928E+00     8.357060E-04
    5.469292E+00     5.784601E-04
    5.461093E+00     5.717747E-04
    5.456061E+00     7.917392E-04
    5.447917E+00     9.986229E-05
    5.444095E+00     4.990786E-04
    5.440818E+00     4.027458E-04
    5.434831E+00     6.712895E-04
    5.431037E+00     9.824146E-04
    5.423603E+00     8.976338E-04
    5.421503E+00     2.590235E-04
    5.414542E+00     3.075905E-04
    5.408990E+00     2.892895E-04
    5.401783E+00     4.268875E-04
    5.396145E+00     2.533031E-05
    5.392815E+00     1.356486E-03
    5.389351E+00     1.350583E-03
    5.378588E+00     1.033721E-04
    5.375101E+00     7.468449E-04
    5.372172E+00     2.068252E-04
    5.365236E+00     5.500298E-04
    5.359417E+00     9.290112E-04
    5.350661E+00     1.547896E-03
    5.346884E+00     1.432799E-03
    5.334845E+00     5.698132E-04
    5.330465E+00     1.050738E-03
    5.323056E+00     1.334292E-03
    5.321244E+00     1.070618E-03
    5.312341E+00     1.289227E-03
    5.297777E+00     9.711086E-04
    5.290069E+00     1.568941E-03
    5.287504E+00     1.242330E-03
    5.276656E+00     1.906890E-04
    5.272376E+00     1.351349E-03
    5.267094E+00     1.184201E-03
    5.254712E+00     6.190700E-04
    5.248571E+00     1.974913E-04
    5.239193E+00     6.899121E-04
    5.230865E+00     1.394030E-03
    5.218947E+00     1.511591E-03
    5.214321E+00     1.251506E-03
    5.201830E+00     2.838168E-03
    5.195868E+00     1.171449E-03
    5.175203E+00     1.057038E-03
    5.160662E+00     9.033057E-04
    5.140726E+00     1.941017E-03
    5.125494E+00     1.110546E-03
    5.100398E+00     2.236002E-03
    5.081064E+00     3.156073E-04
    5.073135E+00     3.347128E-03
    5.066816E+00     1.670772E-03
    5.043596E+00     1.744881E-04
    5.028877E+00     9.654645E-04
    5.015077E+00     2.564791E-03
    4.996488E+00     1.445344E-03
    4.990751E+00     1.753477E-03
    4.977821E+00     1.751464E-03
    4.956227E+00     5.590218E-04
    4.943377E+00     5.295352E-04
    4.927804E+00     2.786144E-03
    4.909680E+00     1.951909E-03
    4.905271E+00     3.821248E-04
    4.891309E+00     6.401251E-03
    4.879250E+00     0.000000E+00
    4.836165E+00     0.000000E+00
