# Singular values of spacy large model vector embeddings
+1.2717E+03
+7.9601E+02
+6.5702E+02
+5.9938E+02
+5.8518E+02
+5.6020E+02
+5.5710E+02
+5.1397E+02
+4.9197E+02
+4.8524E+02
+4.6342E+02
+4.5462E+02
+4.4957E+02
+4.4161E+02
+4.3611E+02
+4.3033E+02
+4.2417E+02
+4.2246E+02
+4.2186E+02
+4.1851E+02
+4.1200E+02
+4.0758E+02
+4.0352E+02
+4.0012E+02
+3.9875E+02
+3.9617E+02
+3.9258E+02
+3.8960E+02
+3.8850E+02
+3.8563E+02
+3.8206E+02
+3.8033E+02
+3.7887E+02
+3.7782E+02
+3.7662E+02
+3.7453E+02
+3.7149E+02
+3.7070E+02
+3.7021E+02
+3.6928E+02
+3.6886E+02
+3.6690E+02
+3.6538E+02
+3.6491E+02
+3.6453E+02
+3.6258E+02
+3.6188E+02
+3.6150E+02
+3.5982E+02
+3.5952E+02
+3.5864E+02
+3.5846E+02
+3.5635E+02
+3.5529E+02
+3.5495E+02
+3.5449E+02
+3.5428E+02
+3.5356E+02
+3.5269E+02
+3.5212E+02
+3.5166E+02
+3.5081E+02
+3.5041E+02
+3.4977E+02
+3.4922E+02
+3.4891E+02
+3.4848E+02
+3.4796E+02
+3.4762E+02
+3.4701E+02
+3.4686E+02
+3.4655E+02
+3.4641E+02
+3.4591E+02
+3.4533E+02
+3.4494E+02
+3.4479E+02
+3.4405E+02
+3.4365E+02
+3.4341E+02
+3.4322E+02
+3.4299E+02
+3.4273E+02
+3.4230E+02
+3.4204E+02
+3.4172E+02
+3.4146E+02
+3.4118E+02
+3.4071E+02
+3.4054E+02
+3.4006E+02
+3.3966E+02
+3.3943E+02
+3.3898E+02
+3.3869E+02
+3.3836E+02
+3.3821E+02
+3.3799E+02
+3.3767E+02
+3.3744E+02
+3.3717E+02
+3.3676E+02
+3.3663E+02
+3.3644E+02
+3.3626E+02
+3.3612E+02
+3.3561E+02
+3.3551E+02
+3.3517E+02
+3.3464E+02
+3.3394E+02
+3.3378E+02
+3.3368E+02
+3.3356E+02
+3.3329E+02
+3.3269E+02
+3.3260E+02
+3.3241E+02
+3.3217E+02
+3.3178E+02
+3.3121E+02
+3.3115E+02
+3.3092E+02
+3.3074E+02
+3.3067E+02
+3.3038E+02
+3.3006E+02
+3.2972E+02
+3.2935E+02
+3.2901E+02
+3.2881E+02
+3.2856E+02
+3.2833E+02
+3.2785E+02
+3.2769E+02
+3.2753E+02
+3.2730E+02
+3.2702E+02
+3.2682E+02
+3.2641E+02
+3.2624E+02
+3.2601E+02
+3.2576E+02
+3.2528E+02
+3.2481E+02
+3.2458E+02
+3.2430E+02
+3.2398E+02
+3.2386E+02
+3.2362E+02
+3.2309E+02
+3.2289E+02
+3.2250E+02
+3.2186E+02
+3.2184E+02
+3.2154E+02
+3.2144E+02
+3.2131E+02
+3.2108E+02
+3.2057E+02
+3.2023E+02
+3.2004E+02
+3.1964E+02
+3.1929E+02
+3.1897E+02
+3.1876E+02
+3.1841E+02
+3.1785E+02
+3.1769E+02
+3.1752E+02
+3.1717E+02
+3.1684E+02
+3.1662E+02
+3.1637E+02
+3.1593E+02
+3.1558E+02
+3.1548E+02
+3.1494E+02
+3.1460E+02
+3.1374E+02
+3.1365E+02
+3.1323E+02
+3.1284E+02
+3.1267E+02
+3.1235E+02
+3.1176E+02
+3.1142E+02
+3.1123E+02
+3.1105E+02
+3.1000E+02
+3.0944E+02
+3.0900E+02
+3.0873E+02
+3.0805E+02
+3.0795E+02
+3.0727E+02
+3.0643E+02
+3.0602E+02
+3.0520E+02
+3.0470E+02
+3.0455E+02
+3.0394E+02
+3.0356E+02
+3.0270E+02
+3.0155E+02
+3.0134E+02
+3.0122E+02
+3.0066E+02
+2.9967E+02
+2.9902E+02
+2.9877E+02
+2.9800E+02
+2.9744E+02
+2.9659E+02
+2.9607E+02
+2.9566E+02
+2.9414E+02
+2.9336E+02
+2.9301E+02
+2.9244E+02
+2.9181E+02
+2.9152E+02
+2.9121E+02
+2.8891E+02
+2.8836E+02
+2.8738E+02
+2.8669E+02
+2.8649E+02
+2.8559E+02
+2.8396E+02
+2.8283E+02
+2.8172E+02
+2.8117E+02
+2.8006E+02
+2.7884E+02
+2.7743E+02
+2.7597E+02
+2.7448E+02
+2.7342E+02
+2.7282E+02
+2.7172E+02
+2.6854E+02
+2.6657E+02
+2.6481E+02
+2.6423E+02
+2.6309E+02
+2.6207E+02
+2.6044E+02
+2.5905E+02
+2.5588E+02
+2.5312E+02
+2.5193E+02
+2.4949E+02
+2.4741E+02
+2.4499E+02
+2.4326E+02
+2.4207E+02
+2.3994E+02
+2.3929E+02
+2.3632E+02
+2.3564E+02
+2.3343E+02
+2.3258E+02
+2.3153E+02
+2.2802E+02
+2.2652E+02
+2.2574E+02
+2.2388E+02
+2.2318E+02
+2.2179E+02
+2.1884E+02
+2.1781E+02
+2.1560E+02
+2.1470E+02
+2.1285E+02
+2.0988E+02
+2.0899E+02
+2.0811E+02
+2.0560E+02
+2.0374E+02
+2.0090E+02
+1.9943E+02
+1.9707E+02
+1.9597E+02
+1.9438E+02
+1.9212E+02
+1.8862E+02
+1.8743E+02
+1.8307E+02
+1.7832E+02
+1.7627E+02
+1.7416E+02
+1.7101E+02
+1.6734E+02
+1.6567E+02
+1.6501E+02
+1.5442E+02
+1.4692E+02
+1.3734E+02
+1.0970E+02
