# Energies
    1.000000E+00     1.000000E+00     1.000000E+00     1.000000E+00     1.000000E+00     1.000000E+00     1.000000E+00     1.000000E+00     1.000000E+00     1.000000E+00     1.000000E+00
    1.005426E+00     9.982573E-01     1.014382E+00     1.002861E+00     9.890012E-01     9.808537E-01     1.026454E+00     9.939111E-01     9.989680E-01     9.997950E-01     9.900912E-01
    1.009844E+00     9.972728E-01     1.028823E+00     1.005430E+00     9.776896E-01     9.624844E-01     1.055193E+00     9.877678E-01     9.973245E-01     9.984489E-01     9.797222E-01
    1.013622E+00     9.966062E-01     1.043443E+00     1.007329E+00     9.662031E-01     9.444042E-01     1.086937E+00     9.810493E-01     9.952195E-01     9.962089E-01     9.689782E-01
    1.016300E+00     9.968932E-01     1.058939E+00     1.009007E+00     9.543338E-01     9.270084E-01     1.120075E+00     9.739447E-01     9.928827E-01     9.928406E-01     9.577755E-01
    1.018325E+00     9.967393E-01     1.073582E+00     1.010367E+00     9.413790E-01     9.097590E-01     1.158331E+00     9.677167E-01     9.891678E-01     9.884858E-01     9.461474E-01
    1.019313E+00     9.969154E-01     1.089760E+00     1.011295E+00     9.269113E-01     8.923867E-01     1.200616E+00     9.603437E-01     9.856209E-01     9.831412E-01     9.336977E-01
    1.018428E+00     9.983979E-01     1.105948E+00     1.012008E+00     9.130754E-01     8.770054E-01     1.246000E+00     9.514128E-01     9.805258E-01     9.763715E-01     9.208279E-01
    1.015543E+00     1.000919E+00     1.123142E+00     1.012817E+00     8.986261E-01     8.625470E-01     1.296529E+00     9.403860E-01     9.739294E-01     9.678972E-01     9.076641E-01
    1.012224E+00     1.002891E+00     1.139935E+00     1.015626E+00     8.830214E-01     8.484840E-01     1.350061E+00     9.285947E-01     9.671812E-01     9.590382E-01     8.929439E-01
    1.006977E+00     1.003468E+00     1.157809E+00     1.015940E+00     8.667487E-01     8.342078E-01     1.412412E+00     9.167595E-01     9.590610E-01     9.483141E-01     8.783033E-01
    1.000334E+00     1.003386E+00     1.176690E+00     1.016105E+00     8.497432E-01     8.218482E-01     1.479933E+00     9.048956E-01     9.487448E-01     9.353487E-01     8.629721E-01
    9.910278E-01     1.003595E+00     1.198051E+00     1.016505E+00     8.313466E-01     8.069418E-01     1.557021E+00     8.911262E-01     9.367841E-01     9.210686E-01     8.465332E-01
    9.806220E-01     9.996563E-01     1.221177E+00     1.017481E+00     8.126372E-01     7.917249E-01     1.641585E+00     8.748787E-01     9.260340E-01     9.051258E-01     8.290784E-01
    9.666498E-01     9.929339E-01     1.242556E+00     1.019384E+00     7.912771E-01     7.773468E-01     1.743790E+00     8.573288E-01     9.121945E-01     8.862430E-01     8.102969E-01
    9.503401E-01     9.848511E-01     1.263076E+00     1.019747E+00     7.663665E-01     7.596947E-01     1.865562E+00     8.385071E-01     8.964466E-01     8.656496E-01     7.897596E-01
    9.307964E-01     9.733174E-01     1.284246E+00     1.018524E+00     7.390533E-01     7.454367E-01     2.006219E+00     8.174142E-01     8.765984E-01     8.414017E-01     7.669927E-01
    9.065609E-01     9.534088E-01     1.306100E+00     1.018606E+00     7.107202E-01     7.315106E-01     2.170063E+00     7.930866E-01     8.525506E-01     8.144395E-01     7.429535E-01
    8.789919E-01     9.296595E-01     1.324552E+00     1.016597E+00     6.787745E-01     7.180660E-01     2.366257E+00     7.640100E-01     8.241630E-01     7.829184E-01     7.160106E-01
    8.455008E-01     9.010996E-01     1.340210E+00     1.007063E+00     6.423945E-01     7.034549E-01     2.605825E+00     7.321489E-01     7.899772E-01     7.464347E-01     6.858919E-01
    8.032864E-01     8.689286E-01     1.362221E+00     9.931418E-01     6.002873E-01     6.848102E-01     2.887304E+00     6.955206E-01     7.491675E-01     7.054076E-01     6.499252E-01
    7.549695E-01     8.243762E-01     1.376338E+00     9.839039E-01     5.585185E-01     6.734272E-01     3.207889E+00     6.496938E-01     7.023183E-01     6.568202E-01     6.117459E-01
    6.974048E-01     7.686101E-01     1.384959E+00     9.651707E-01     5.077584E-01     6.625886E-01     3.597688E+00     5.978777E-01     6.498509E-01     6.029626E-01     5.651297E-01
    6.313246E-01     7.024635E-01     1.378809E+00     9.415778E-01     4.528506E-01     6.537852E-01     4.056789E+00     5.387926E-01     5.864435E-01     5.419771E-01     5.151874E-01
    5.586365E-01     6.297825E-01     1.366470E+00     9.136234E-01     3.929542E-01     6.624078E-01     4.554775E+00     4.726061E-01     5.143768E-01     4.747260E-01     4.596420E-01
    4.763147E-01     5.484729E-01     1.351903E+00     8.751262E-01     3.322656E-01     6.608421E-01     5.113758E+00     4.013461E-01     4.388281E-01     4.034778E-01     3.976657E-01
    3.905779E-01     4.666115E-01     1.312150E+00     8.219152E-01     2.695255E-01     6.624693E-01     5.721749E+00     3.282546E-01     3.602026E-01     3.309875E-01     3.355569E-01
    3.073153E-01     3.817436E-01     1.236682E+00     7.568190E-01     2.104628E-01     6.719106E-01     6.357471E+00     2.588651E-01     2.828638E-01     2.606230E-01     2.752434E-01
    2.325785E-01     3.070424E-01     1.133607E+00     6.793843E-01     1.576169E-01     6.954137E-01     6.967944E+00     1.958371E-01     2.132615E-01     1.968242E-01     2.204904E-01
    1.695484E-01     2.497293E-01     1.040152E+00     6.064360E-01     1.119180E-01     7.440718E-01     7.465285E+00     1.432206E-01     1.542911E-01     1.429091E-01     1.724387E-01
    1.193367E-01     2.039146E-01     9.299703E-01     5.316158E-01     7.879579E-02     7.777472E-01     7.914514E+00     1.010503E-01     1.089026E-01     1.007214E-01     1.334308E-01
    8.205952E-02     1.707036E-01     8.132418E-01     4.651667E-01     5.469522E-02     8.185067E-01     8.276340E+00     7.028981E-02     7.544320E-02     6.901551E-02     1.045384E-01
    5.588451E-02     1.461326E-01     6.809984E-01     4.013702E-01     3.742137E-02     8.710002E-01     8.577920E+00     4.829988E-02     5.134877E-02     4.725064E-02     8.237352E-02
    3.774899E-02     1.367342E-01     5.847600E-01     3.618866E-01     2.488432E-02     9.363973E-01     8.749783E+00     3.312714E-02     3.480778E-02     3.258554E-02     6.728536E-02
    2.544014E-02     1.326154E-01     5.157738E-01     3.146409E-01     1.714316E-02     9.819346E-01     8.891355E+00     2.273777E-02     2.343200E-02     2.250679E-02     5.242069E-02
    1.708750E-02     1.394102E-01     4.342158E-01     2.569351E-01     1.158442E-02     1.025461E+00     9.026903E+00     1.556267E-02     1.581506E-02     1.577249E-02     4.125303E-02
    1.154114E-02     1.435113E-01     3.771873E-01     2.269936E-01     8.100318E-03     1.074197E+00     9.093339E+00     1.040187E-02     1.080768E-02     1.076987E-02     3.315169E-02
    7.840485E-03     1.499071E-01     3.307698E-01     1.955443E-01     5.590492E-03     1.113601E+00     9.147739E+00     7.460134E-03     7.401614E-03     7.817978E-03     2.632866E-02
    5.359282E-03     1.622761E-01     2.918074E-01     1.687736E-01     3.943197E-03     1.144301E+00     9.186483E+00     5.326698E-03     5.062057E-03     6.018527E-03     2.064945E-02
    3.659913E-03     1.665923E-01     2.487389E-01     1.485953E-01     2.686229E-03     1.208990E+00     9.193561E+00     4.172228E-03     3.574221E-03     4.674911E-03     1.475447E-02
    2.598663E-03     1.776901E-01     2.049239E-01     1.273203E-01     1.907977E-03     1.249827E+00     9.214098E+00     3.024156E-03     2.436788E-03     3.446839E-03     1.272671E-02
    1.805782E-03     1.939195E-01     1.725131E-01     1.011913E-01     1.972573E-03     1.289990E+00     9.219485E+00     3.059126E-03     1.648264E-03     2.870963E-03     1.154446E-02
    1.351392E-03     2.050217E-01     1.444713E-01     9.092214E-02     1.386745E-03     1.331607E+00     9.209502E+00     2.547317E-03     1.205299E-03     2.393443E-03     9.591216E-03
