# Entropy
    2.397895E+00
    2.397824E+00
    2.397602E+00
    2.397207E+00
    2.396631E+00
    2.395816E+00
    2.394704E+00
    2.393314E+00
    2.391534E+00
    2.389358E+00
    2.386562E+00
    2.383177E+00
    2.378814E+00
    2.373482E+00
    2.366538E+00
    2.357433E+00
    2.345873E+00
    2.331055E+00
    2.311597E+00
    2.285496E+00
    2.250901E+00
    2.207463E+00
    2.149053E+00
    2.073128E+00
    1.980942E+00
    1.865813E+00
    1.728741E+00
    1.573092E+00
    1.410730E+00
    1.262932E+00
    1.123107E+00
    1.003796E+00
    9.003158E-01
    8.320023E-01
    7.742470E-01
    7.204157E-01
    6.870601E-01
    6.592314E-01
    6.381460E-01
    6.223753E-01
    6.059100E-01
    5.947524E-01
    5.882736E-01
